Pos1 Pos2 WT_AA1 WT_AA2 chainids HAmin scHAmin CB HAmin_sd scHAmin_sd CB_sd
1 1 D D C 0 0 0 0 0 0
1 2 D A C 3.64566916227341 5.96285820007324 5.96285820007324 0 0 0
1 3 D E C 3.76569068431854 4.14000511169434 6.14542150497437 0 0 0
1 4 D F C 8.60966992378235 10.3459310531616 10.5758266448975 0 0 0
1 5 D R C 9.77407169342041 9.91971492767334 12.5060577392578 0 0 0
1 6 D H C 13.666811466217 15.4235887527466 16.1294994354248 0 0 0
1 7 D D C 16.9821419715881 18.0253601074219 19.1091632843018 0 0 0
1 8 D S C 19.202784538269 20.1444931030273 21.408670425415 0 0 0
1 9 D G C 19.1232223510742 20.8302516937256 20.8302516937256 0 0 0
1 10 D Y C 14.218710899353 14.6050338745117 19.9111423492432 0 0 0
1 11 D E C 22.9474954605103 25.1144714355469 25.1144714355469 0 0 0
1 12 D V C 24.9654664993286 27.2103862762451 27.2103862762451 0 0 0
1 13 D H C 22.2741174697876 23.9001884460449 23.9734325408936 0 0 0
1 14 D H C 25.2402906417847 27.0195960998535 27.0195960998535 0 0 0
1 15 D Q C 28.9316120147705 31.4072856903076 31.4072856903076 0 0 0
1 16 D K C 29.0902452468872 30.3115844726562 30.5012168884277 0 0 0
1 17 D L C 33.525390625 35.8781852722168 35.8781852722168 0 0 0
1 18 D V C 33.593451499939 35.3709030151367 35.3709030151367 0 0 0
1 19 D F C 38.2172698974609 40.556697845459 40.556697845459 0 0 0
1 20 D F C 37.0025882720947 39.765022277832 39.765022277832 0 0 0
1 21 D A C 34.0199584960938 35.1482315063477 35.1482315063477 0 0 0
1 22 D E C 34.0312461853027 35.5488014221191 37.182975769043 0 0 0
1 23 D D C 39.5729351043701 41.5102882385254 41.5102882385254 0 0 0
1 24 D V C 42.095251083374 43.8482513427734 43.8482513427734 0 0 0
1 25 D G C 45.8151264190674 47.6132965087891 47.6132965087891 0 0 0
1 26 D S C 48.5013217926025 50.7587699890137 50.7587699890137 0 0 0
1 27 D N C 44.9103755950928 46.2166175842285 47.0643463134766 0 0 0
1 28 D K C 49.9142990112305 52.2641792297363 52.2641792297363 0 0 0
1 29 D G C 47.5723724365234 49.7752723693848 49.7752723693848 0 0 0
1 30 D A C 44.1796360015869 45.3872222900391 45.3872222900391 0 0 0
1 31 D I C 43.630687713623 46.2272682189941 46.2272682189941 0 0 0
1 32 D I C 38.0293006896973 40.5318641662598 40.5318641662598 0 0 0
1 33 D G C 40.8892879486084 42.1758193969727 42.1758193969727 0 0 0
1 34 D L C 38.0309982299805 40.0621604919434 40.5901412963867 0 0 0
1 35 D M C 42.9327487945557 44.6564140319824 44.6564140319824 0 0 0
1 36 D V C 44.646614074707 46.5807838439941 46.5807838439941 0 0 0
1 37 D G C 48.7017250061035 50.6728248596191 50.6728248596191 0 0 0
1 38 D G C 50.8909873962402 52.8679885864258 52.8679885864258 0 0 0
1 39 D V C 49.5963268280029 51.0540199279785 51.0540199279785 0 0 0
1 40 D V C 54.0364856719971 56.5003623962402 56.5003623962402 0 0 0
1 41 D I C 50.8537845611572 53.0379028320312 53.0379028320312 0 0 0
1 42 D A C 55.9830093383789 58.2539176940918 58.2539176940918 0 0 0
2 1 A D C 3.64566916227341 5.96285820007324 5.96285820007324 0 0 0
2 2 A A C 0 0 0 0 0 0
2 3 A E C 3.66934907436371 6.00951385498047 6.00951385498047 0 0 0
2 4 A F C 4.42697167396545 5.17674350738525 6.21275424957275 0 0 0
2 5 A R C 8.46337056159973 9.95557689666748 10.7122011184692 0 0 0
2 6 A H C 10.1754093170166 11.2954082489014 12.1753711700439 0 0 0
2 7 A D C 14.388680934906 15.9363355636597 16.6393222808838 0 0 0
2 8 A S C 15.5528855323792 16.2060527801514 17.5045204162598 0 0 0
2 9 A G C 15.0329647064209 16.5618515014648 16.5618515014648 0 0 0
2 10 A Y C 9.71069955825806 9.37774753570557 14.8863983154297 0 0 0
2 11 A E C 18.469596862793 19.9247169494629 19.9247169494629 0 0 0
2 12 A V C 20.7291917800903 21.9348087310791 21.9348087310791 0 0 0
2 13 A H C 17.7015104293823 18.153694152832 18.3476066589355 0 0 0
2 14 A H C 20.8038911819458 21.224630355835 21.224630355835 0 0 0
2 15 A Q C 24.5130558013916 25.6812534332275 25.6812534332275 0 0 0
2 16 A K C 25.0221014022827 25.0911331176758 25.2036304473877 0 0 0
2 17 A L C 29.2729721069336 30.3433074951172 30.3433074951172 0 0 0
2 18 A V C 29.4952239990234 30.2361106872559 30.2361106872559 0 0 0
2 19 A F C 34.2023906707764 35.5491523742676 35.5491523742676 0 0 0
2 20 A F C 33.252815246582 35.1771354675293 35.1771354675293 0 0 0
2 21 A A C 30.4503288269043 30.8269081115723 30.8269081115723 0 0 0
2 22 A E C 30.8031616210938 31.963436126709 33.3942947387695 0 0 0
2 23 A D C 36.2009410858154 37.6798248291016 37.6798248291016 0 0 0
2 24 A V C 38.6182174682617 39.5842056274414 39.5842056274414 0 0 0
2 25 A G C 42.3943271636963 43.5163612365723 43.5163612365723 0 0 0
2 26 A S C 44.918384552002 46.3542671203613 46.3542671203613 0 0 0
2 27 A N C 41.0539073944092 41.5576591491699 42.3140144348145 0 0 0
2 28 A K C 46.1078948974609 47.494441986084 47.494441986084 0 0 0
2 29 A G C 43.718090057373 44.7282447814941 44.7282447814941 0 0 0
2 30 A A C 40.2328395843506 40.3992919921875 40.3992919921875 0 0 0
2 31 A I C 39.621561050415 40.8875122070312 40.8875122070312 0 0 0
2 32 A I C 33.9926643371582 35.1979942321777 35.1979942321777 0 0 0
2 33 A G C 36.575496673584 36.575496673584 36.575496673584 0 0 0
2 34 A L C 33.7623100280762 34.4260330200195 34.900951385498 0 0 0
2 35 A M C 38.5322303771973 38.880744934082 38.880744934082 0 0 0
2 36 A V C 40.2748489379883 40.9309616088867 40.9309616088867 0 0 0
2 37 A G C 44.324634552002 44.9877586364746 44.9877586364746 0 0 0
2 38 A G C 46.5450439453125 47.2327537536621 47.2327537536621 0 0 0
2 39 A V C 45.429370880127 45.5673408508301 45.5673408508301 0 0 0
2 40 A V C 49.8920974731445 51.0962066650391 51.0962066650391 0 0 0
2 41 A I C 46.9088287353516 47.8728141784668 47.8728141784668 0 0 0
2 42 A A C 52.0279636383057 53.1874923706055 53.1874923706055 0 0 0
3 1 E D C 3.76569068431854 4.14000511169434 6.14542150497437 0 0 0
3 2 E A C 3.66934907436371 6.00951385498047 6.00951385498047 0 0 0
3 3 E E C 0 0 0 0 0 0
3 4 E F C 3.67730784416199 6.02563047409058 6.02563047409058 0 0 0
3 5 E R C 4.17483735084534 4.63851737976074 6.36365222930908 0 0 0
3 6 E H C 8.26838278770447 9.99651050567627 10.5539646148682 0 0 0
3 7 E D C 10.926718711853 11.9678335189819 13.0416984558105 0 0 0
3 8 E S C 13.3524060249329 14.4185848236084 15.6563205718994 0 0 0
3 9 E G C 13.8525738716125 15.6309728622437 15.6309728622437 0 0 0
3 10 E Y C 10.0689082145691 10.6453342437744 15.6391973495483 0 0 0
3 11 E E C 18.2070145606995 20.441577911377 20.6067352294922 0 0 0
3 12 E V C 20.1966104507446 22.4551639556885 22.4551639556885 0 0 0
3 13 E H C 18.5085515975952 19.9413013458252 19.9413013458252 0 0 0
3 14 E H C 21.5823755264282 23.6005039215088 23.6005039215088 0 0 0
3 15 E Q C 25.0839977264404 27.6172351837158 27.6172351837158 0 0 0
3 16 E K C 24.1566610336304 25.471643447876 25.8306846618652 0 0 0
3 17 E L C 28.9745445251465 31.4551467895508 31.4551467895508 0 0 0
3 18 E V C 28.4217824935913 30.3110084533691 30.3110084533691 0 0 0
3 19 E F C 32.9343547821045 35.3517036437988 35.3517036437988 0 0 0
3 20 E F C 31.3808145523071 34.196891784668 34.196891784668 0 0 0
3 21 E A C 28.2560386657715 29.4811668395996 29.4811668395996 0 0 0
3 22 E E C 27.9238271713257 29.5372047424316 31.247163772583 0 0 0
3 23 E D C 33.5546569824219 35.5480728149414 35.5480728149414 0 0 0
3 24 E V C 36.3008480072021 38.1171340942383 38.1171340942383 0 0 0
3 25 E G C 39.9153747558594 41.7825164794922 41.7825164794922 0 0 0
3 26 E S C 42.7347583770752 45.062370300293 45.062370300293 0 0 0
3 27 E N C 39.2443447113037 40.6618881225586 41.5819129943848 0 0 0
3 28 E K C 44.4098415374756 46.8439788818359 46.8439788818359 0 0 0
3 29 E G C 42.4044609069824 44.6297264099121 44.6297264099121 0 0 0
3 30 E A C 38.8632736206055 40.1523590087891 40.1523590087891 0 0 0
3 31 E I C 38.7953281402588 41.4652214050293 41.4652214050293 0 0 0
3 32 E I C 33.2320508956909 35.8038749694824 35.8038749694824 0 0 0
3 33 E G C 36.5340003967285 37.9210205078125 37.9210205078125 0 0 0
3 34 E L C 34.2618980407715 36.3468971252441 36.8398284912109 0 0 0
3 35 E M C 39.2997303009033 41.1586952209473 41.1586952209473 0 0 0
3 36 E V C 40.4825839996338 42.4561614990234 42.4561614990234 0 0 0
3 37 E G C 44.7567958831787 46.7551879882812 46.7551879882812 0 0 0
3 38 E G C 46.5861892700195 48.6737365722656 48.6737365722656 0 0 0
3 39 E V C 44.9722957611084 46.5169563293457 46.5169563293457 0 0 0
3 40 E V C 49.2823104858398 51.7795181274414 51.7795181274414 0 0 0
3 41 E I C 45.8107280731201 47.9954147338867 47.9954147338867 0 0 0
3 42 E A C 50.7471046447754 53.0487403869629 53.0487403869629 0 0 0
4 1 F D C 8.60966992378235 10.3459310531616 10.5758266448975 0 0 0
4 2 F A C 4.42697167396545 5.17674350738525 6.21275424957275 0 0 0
4 3 F E C 3.67730784416199 6.02563047409058 6.02563047409058 0 0 0
4 4 F F C 0 0 0 0 0 0
4 5 F R C 3.66321521997452 5.99752330780029 5.99752330780029 0 0 0
4 6 F H C 4.39349007606506 5.19962406158447 5.96803998947144 0 0 0
4 7 F D C 8.51173281669617 10.3264446258545 10.7765464782715 0 0 0
4 8 F S C 9.400475025177 10.0113220214844 11.3088426589966 0 0 0
4 9 F G C 9.55359554290771 10.7683906555176 10.7683906555176 0 0 0
4 10 F Y C 5.3674418926239 4.75863742828369 10.04368019104 0 0 0
4 11 F E C 13.6638097763062 14.8910646438599 14.8910646438599 0 0 0
4 12 F V C 15.2653260231018 16.719705581665 16.719705581665 0 0 0
4 13 F H C 12.9319972991943 13.7536287307739 14.0505275726318 0 0 0
4 14 F H C 15.663957118988 16.6347045898438 17.81077003479 0 0 0
4 15 F Q C 19.3444957733154 20.9900341033936 21.8098049163818 0 0 0
4 16 F K C 19.4617252349854 19.956823348999 20.2917613983154 0 0 0
4 17 F L C 23.9563646316528 25.6002159118652 25.7164535522461 0 0 0
4 18 F V C 23.893159866333 24.8659191131592 24.8659191131592 0 0 0
4 19 F F C 28.5536451339722 30.1122493743896 30.1122493743896 0 0 0
4 20 F F C 27.4668140411377 29.3742694854736 29.3742694854736 0 0 0
4 21 F A C 24.7003221511841 24.9598369598389 24.9598369598389 0 0 0
4 22 F E C 24.7308807373047 25.8339462280273 27.3350086212158 0 0 0
4 23 F D C 30.2059125900269 31.5679817199707 31.5679817199707 0 0 0
4 24 F V C 32.8308362960815 33.7164344787598 33.7164344787598 0 0 0
4 25 F G C 36.5543060302734 37.5740852355957 37.5740852355957 0 0 0
4 26 F S C 39.0951957702637 40.5200996398926 40.5200996398926 0 0 0
4 27 F N C 35.3761024475098 35.7949371337891 36.6313171386719 0 0 0
4 28 F K C 40.3898658752441 41.9419631958008 41.9419631958008 0 0 0
4 29 F G C 38.0164585113525 39.4416427612305 39.4416427612305 0 0 0
4 30 F A C 34.5574703216553 34.9747200012207 34.9747200012207 0 0 0
4 31 F I C 34.097505569458 35.9365844726562 35.9827575683594 0 0 0
4 32 F I C 28.4787769317627 30.2429981231689 30.3029499053955 0 0 0
4 33 F G C 31.2818803787231 31.7773132324219 32.2087936401367 0 0 0
4 34 F L C 28.4556226730347 29.5733871459961 31.1560516357422 0 0 0
4 35 F M C 33.3841915130615 34.2190933227539 35.4202461242676 0 0 0
4 36 F V C 35.0299739837646 36.1393432617188 36.7356109619141 0 0 0
4 37 F G C 39.0984706878662 40.1932754516602 41.0571594238281 0 0 0
4 38 F G C 41.261625289917 42.4270858764648 42.976676940918 0 0 0
4 39 F V C 40.022346496582 40.7130851745605 40.9243850708008 0 0 0
4 40 F V C 44.4839992523193 46.2109756469727 46.2667999267578 0 0 0
4 41 F I C 41.2725944519043 42.6949005126953 42.6949005126953 0 0 0
4 42 F A C 46.3570117950439 47.8426322937012 47.8426322937012 0 0 0
5 1 R D C 9.77407169342041 9.91971492767334 12.5060577392578 0 0 0
5 2 R A C 8.46337056159973 9.95557689666748 10.7122011184692 0 0 0
5 3 R E C 4.17483735084534 4.63851737976074 6.36365222930908 0 0 0
5 4 R F C 3.66321521997452 5.99752330780029 5.99752330780029 0 0 0
5 5 R R C 0 0 0 0 0 0
5 6 R H C 3.62724483013153 5.92497396469116 5.92497396469116 0 0 0
5 7 R D C 4.86498892307281 5.8061056137085 6.81686449050903 0 0 0
5 8 R S C 7.79380869865417 8.97032451629639 10.0750207901001 0 0 0
5 9 R G C 9.5105254650116 11.0890493392944 11.0890493392944 0 0 0
5 10 R Y C 8.57438635826111 9.2556324005127 12.6944713592529 0 0 0
5 11 R E C 14.30801820755 16.3181934356689 16.8610401153564 0 0 0
5 12 R V C 16.1871109008789 18.2847213745117 18.2847213745117 0 0 0
5 13 R H C 15.812840461731 17.0291004180908 17.0291004180908 0 0 0
5 14 R H C 19.0937519073486 21.2881488800049 21.2881488800049 0 0 0
5 15 R Q C 22.1370220184326 24.6196670532227 24.6196670532227 0 0 0
5 16 R K C 19.2665557861328 20.6275997161865 21.7092761993408 0 0 0
5 17 R L C 24.9264755249023 27.4898815155029 27.4898815155029 0 0 0
5 18 R V C 23.5232572555542 25.4901161193848 25.4901161193848 0 0 0
5 19 R F C 27.6708269119263 30.2728309631348 30.2728309631348 0 0 0
5 20 R F C 25.821102142334 28.6303958892822 28.6303958892822 0 0 0
5 21 R A C 22.5375032424927 23.8360443115234 23.8360443115234 0 0 0
5 22 R E C 21.702919960022 23.3720073699951 25.19700050354 0 0 0
5 23 R D C 27.435751914978 29.4291915893555 29.4291915893555 0 0 0
5 24 R V C 30.4905004501343 32.3267631530762 32.3267631530762 0 0 0
5 25 R G C 33.9517765045166 35.8452072143555 35.8452072143555 0 0 0
5 26 R S C 36.888126373291 39.2817535400391 39.2817535400391 0 0 0
5 27 R N C 33.5643215179443 35.067138671875 36.0795745849609 0 0 0
5 28 R K C 38.9227447509766 41.4132385253906 41.4132385253906 0 0 0
5 29 R G C 37.354471206665 39.5589866638184 39.5589866638184 0 0 0
5 30 R A C 33.6435260772705 34.991569519043 34.991569519043 0 0 0
5 31 R I C 34.2014245986938 36.9061431884766 36.9061431884766 0 0 0
5 32 R I C 28.7722845077515 31.3658447265625 31.3658447265625 0 0 0
5 33 R G C 32.5413227081299 34.0508422851562 34.0508422851562 0 0 0
5 34 R L C 31.1026964187622 33.2098579406738 33.636905670166 0 0 0
5 35 R M C 36.1784858703613 38.1701240539551 38.1701240539551 0 0 0
5 36 R V C 36.6895294189453 38.6792488098145 38.6792488098145 0 0 0
5 37 R G C 41.1714477539062 43.1803779602051 43.1803779602051 0 0 0
5 38 R G C 42.5427322387695 44.7368621826172 44.7368621826172 0 0 0
5 39 R V C 40.5206508636475 42.1841583251953 42.1841583251953 0 0 0
5 40 R V C 44.6750049591064 47.1767539978027 47.1767539978027 0 0 0
5 41 R I C 40.882848739624 43.0259017944336 43.0259017944336 0 0 0
5 42 R A C 45.5480270385742 47.8435440063477 47.8435440063477 0 0 0
6 1 H D C 13.666811466217 15.4235887527466 16.1294994354248 0 0 0
6 2 H A C 10.1754093170166 11.2954082489014 12.1753711700439 0 0 0
6 3 H E C 8.26838278770447 9.99651050567627 10.5539646148682 0 0 0
6 4 H F C 4.39349007606506 5.19962406158447 5.96803998947144 0 0 0
6 5 H R C 3.62724483013153 5.92497396469116 5.92497396469116 0 0 0
6 6 H H C 0 0 0 0 0 0
6 7 H D C 3.71354866027832 6.09833860397339 6.09833860397339 0 0 0
6 8 H S C 3.40923619270325 4.06361103057861 5.38310718536377 0 0 0
6 9 H G C 4.93164169788361 6.12063646316528 6.12063646316528 0 0 0
6 10 H Y C 5.25192475318909 5.30788564682007 7.56079196929932 0 0 0
6 11 H E C 9.79092931747437 10.6658620834351 11.1344842910767 0 0 0
6 12 H V C 11.4298481941223 12.4034271240234 12.4034271240234 0 0 0
6 13 H H C 10.8845682144165 11.0896120071411 11.3962202072144 0 0 0
6 14 H H C 14.1170959472656 15.3973417282104 15.8850383758545 0 0 0
6 15 H Q C 17.2104315757751 18.7109603881836 18.9948883056641 0 0 0
6 16 H K C 15.0831146240234 15.3013744354248 16.1605434417725 0 0 0
6 17 H L C 20.2893295288086 21.7737350463867 21.7737350463867 0 0 0
6 18 H V C 19.2415990829468 19.9762630462646 19.9762630462646 0 0 0
6 19 H F C 23.6847763061523 25.0387439727783 25.0387439727783 0 0 0
6 20 H F C 22.1891174316406 23.8465843200684 23.8465843200684 0 0 0
6 21 H A C 19.0578079223633 19.372859954834 19.372859954834 0 0 0
6 22 H E C 18.8907098770142 19.9327182769775 21.503080368042 0 0 0
6 23 H D C 24.4040040969849 25.6695327758789 25.6695327758789 0 0 0
6 24 H V C 27.2446908950806 28.0797271728516 28.0797271728516 0 0 0
6 25 H G C 30.8979196548462 31.8430938720703 31.8430938720703 0 0 0
6 26 H S C 33.5665702819824 34.901481628418 34.901481628418 0 0 0
6 27 H N C 29.8325157165527 30.2836017608643 31.2082386016846 0 0 0
6 28 H K C 35.2902431488037 36.6324195861816 36.6324195861816 0 0 0
6 29 H G C 33.326868057251 34.4524116516113 34.4524116516113 0 0 0
6 30 H A C 29.6912441253662 29.8642864227295 29.8642864227295 0 0 0
6 31 H I C 29.8674993515015 31.4773540496826 31.4773540496826 0 0 0
6 32 H I C 24.3590726852417 25.8952388763428 25.8952388763428 0 0 0
6 33 H G C 27.9372968673706 28.3772525787354 28.4073429107666 0 0 0
6 34 H L C 26.3049278259277 27.4457321166992 28.0975933074951 0 0 0
6 35 H M C 31.3456830978394 32.3122329711914 32.5830192565918 0 0 0
6 36 H V C 32.0188226699829 32.9890785217285 33.0458297729492 0 0 0
6 37 H G C 36.456075668335 37.4594459533691 37.591926574707 0 0 0
6 38 H G C 37.9824542999268 39.1196632385254 39.1298942565918 0 0 0
6 39 H V C 36.1168060302734 36.665599822998 36.665599822998 0 0 0
6 40 H V C 40.3318138122559 41.7504615783691 41.7504615783691 0 0 0
6 41 H I C 36.7381076812744 37.8102340698242 37.8102340698242 0 0 0
6 42 H A C 41.5781631469727 42.7459106445312 42.7459106445312 0 0 0
7 1 D D C 16.9821419715881 18.0253601074219 19.1091632843018 0 0 0
7 2 D A C 14.388680934906 15.9363355636597 16.6393222808838 0 0 0
7 3 D E C 10.926718711853 11.9678335189819 13.0416984558105 0 0 0
7 4 D F C 8.51173281669617 10.3264446258545 10.7765464782715 0 0 0
7 5 D R C 4.86498892307281 5.8061056137085 6.81686449050903 0 0 0
7 6 D H C 3.71354866027832 6.09833860397339 6.09833860397339 0 0 0
7 7 D D C 0 0 0 0 0 0
7 8 D S C 3.3556165099144 5.38195276260376 5.56639003753662 0 0 0
7 9 D G C 5.95750594139099 7.73569583892822 7.73569583892822 0 0 0
7 10 D Y C 9.38971996307373 11.0399007797241 11.4734449386597 0 0 0
7 11 D E C 11.4727334976196 12.8784408569336 13.9382553100586 0 0 0
7 12 D V C 13.5461702346802 15.087854385376 15.087854385376 0 0 0
7 13 D H C 14.904501914978 15.9940700531006 15.9940700531006 0 0 0
7 14 D H C 18.4760217666626 20.6279964447021 20.6279964447021 0 0 0
7 15 D Q C 20.5943841934204 22.8954219818115 22.8954219818115 0 0 0
7 16 D K C 15.1414003372192 16.4670886993408 18.8412914276123 0 0 0
7 17 D L C 21.8696975708008 24.3348445892334 24.3348445892334 0 0 0
7 18 D V C 19.2808771133423 21.1874351501465 21.1874351501465 0 0 0
7 19 D F C 22.8261680603027 25.6299839019775 25.6299839019775 0 0 0
7 20 D F C 20.7389154434204 23.3550796508789 23.3550796508789 0 0 0
7 21 D A C 17.1367635726929 18.7603054046631 18.7603054046631 0 0 0
7 22 D E C 15.7293982505798 17.4276332855225 19.4891109466553 0 0 0
7 23 D D C 21.4990854263306 23.3958950042725 23.3958950042725 0 0 0
7 24 D V C 24.9415893554688 26.9035453796387 26.9035453796387 0 0 0
7 25 D G C 28.3501634597778 30.1864013671875 30.1864013671875 0 0 0
7 26 D S C 31.3394336700439 33.7244987487793 33.7244987487793 0 0 0
7 27 D N C 28.0978393554688 29.6285915374756 30.771276473999 0 0 0
7 28 D K C 33.8058233261108 36.3035430908203 36.3035430908203 0 0 0
7 29 D G C 32.8620452880859 34.8932113647461 34.8932113647461 0 0 0
7 30 D A C 28.8495149612427 30.1974964141846 30.1974964141846 0 0 0
7 31 D I C 30.3265724182129 32.8680610656738 32.8680610656738 0 0 0
7 32 D I C 25.2048645019531 27.6200313568115 27.6200313568115 0 0 0
7 33 D G C 29.3588438034058 30.8795738220215 30.8795738220215 0 0 0
7 34 D L C 29.2202520370483 31.1494960784912 31.3951778411865 0 0 0
7 35 D M C 34.0251865386963 35.9882049560547 35.9882049560547 0 0 0
7 36 D V C 33.6069631576538 35.525260925293 35.525260925293 0 0 0
7 37 D G C 38.3170623779297 40.2351226806641 40.2351226806641 0 0 0
7 38 D G C 39.0290985107422 41.2877235412598 41.2877235412598 0 0 0
7 39 D V C 36.5820598602295 38.3102569580078 38.3102569580078 0 0 0
7 40 D V C 40.4189777374268 42.9102897644043 42.9102897644043 0 0 0
7 41 D I C 36.4196720123291 38.3976936340332 38.3976936340332 0 0 0
7 42 D A C 40.6385326385498 42.8390655517578 42.8390655517578 0 0 0
8 1 S D C 19.202784538269 20.1444931030273 21.408670425415 0 0 0
8 2 S A C 15.5528855323792 16.2060527801514 17.5045204162598 0 0 0
8 3 S E C 13.3524060249329 14.4185848236084 15.6563205718994 0 0 0
8 4 S F C 9.400475025177 10.0113220214844 11.3088426589966 0 0 0
8 5 S R C 7.79380869865417 8.97032451629639 10.0750207901001 0 0 0
8 6 S H C 3.40923619270325 4.06361103057861 5.38310718536377 0 0 0
8 7 S D C 3.3556165099144 5.38195276260376 5.56639003753662 0 0 0
8 8 S S C 0 0 0 0 0 0
8 9 S G C 2.85882699489594 4.38733148574829 4.38733148574829 0 0 0
8 10 S Y C 6.11567974090576 7.63615131378174 8.08608150482178 0 0 0
8 11 S E C 7.16634559631348 7.95768880844116 9.01831912994385 0 0 0
8 12 S V C 9.25195789337158 9.54154586791992 9.54154586791992 0 0 0
8 13 S H C 10.6853246688843 10.6853246688843 11.0167112350464 0 0 0
8 14 S H C 14.225435256958 15.3127517700195 15.627025604248 0 0 0
8 15 S Q C 16.3418583869934 17.5179347991943 17.5179347991943 0 0 0
8 16 S K C 11.4330682754517 11.4330682754517 13.4693880081177 0 0 0
8 17 S L C 17.6542167663574 18.8400039672852 18.8400039672852 0 0 0
8 18 S V C 15.3931183815002 15.9466323852539 15.9466323852539 0 0 0
8 19 S F C 19.3789968490601 20.7483882904053 20.7483882904053 0 0 0
8 20 S F C 17.6707954406738 19.0638294219971 19.0638294219971 0 0 0
8 21 S A C 14.5549311637878 14.7249317169189 14.7249317169189 0 0 0
8 22 S E C 14.4107737541199 14.9199209213257 16.5718784332275 0 0 0
8 23 S D C 19.6812658309937 20.5283355712891 20.5283355712891 0 0 0
8 24 S V C 22.6641883850098 23.2675552368164 23.2675552368164 0 0 0
8 25 S G C 26.2556400299072 26.913854598999 26.913854598999 0 0 0
8 26 S S C 28.9286069869995 30.0137481689453 30.0137481689453 0 0 0
8 27 S N C 25.1327619552612 25.4396934509277 26.4588508605957 0 0 0
8 28 S K C 30.8465347290039 32.0459976196289 32.0459976196289 0 0 0
8 29 S G C 29.4555912017822 30.1920547485352 30.1920547485352 0 0 0
8 30 S A C 25.4858531951904 25.4858531951904 25.4858531951904 0 0 0
8 31 S I C 26.5436534881592 27.7306938171387 27.7306938171387 0 0 0
8 32 S I C 21.2756404876709 22.378532409668 22.378532409668 0 0 0
8 33 S G C 25.2630414962769 25.4430866241455 25.4430866241455 0 0 0
8 34 S L C 25.0763826370239 25.8054618835449 25.976978302002 0 0 0
8 35 S M C 29.8159475326538 30.5225925445557 30.5225925445557 0 0 0
8 36 S V C 29.4639339447021 30.0981636047363 30.0981636047363 0 0 0
8 37 S G C 34.1775665283203 34.8180046081543 34.8180046081543 0 0 0
8 38 S G C 35.0063495635986 35.925838470459 35.925838470459 0 0 0
8 39 S V C 32.7361392974854 33.084415435791 33.084415435791 0 0 0
8 40 S V C 36.7191219329834 37.8539772033691 37.8539772033691 0 0 0
8 41 S I C 32.9053440093994 33.5995597839355 33.5995597839355 0 0 0
8 42 S A C 37.3599586486816 38.26806640625 38.26806640625 0 0 0
9 1 G D C 19.1232223510742 20.8302516937256 20.8302516937256 0 0 0
9 2 G A C 15.0329647064209 16.5618515014648 16.5618515014648 0 0 0
9 3 G E C 13.8525738716125 15.6309728622437 15.6309728622437 0 0 0
9 4 G F C 9.55359554290771 10.7683906555176 10.7683906555176 0 0 0
9 5 G R C 9.5105254650116 11.0890493392944 11.0890493392944 0 0 0
9 6 G H C 4.93164169788361 6.12063646316528 6.12063646316528 0 0 0
9 7 G D C 5.95750594139099 7.73569583892822 7.73569583892822 0 0 0
9 8 G S C 2.85882699489594 4.38733148574829 4.38733148574829 0 0 0
9 9 G G C 0 0 0 0 0 0
9 10 G Y C 2.91689771413803 4.50554513931274 4.50554513931274 0 0 0
9 11 G E C 4.9358606338501 5.67720508575439 6.56257009506226 0 0 0
9 12 G V C 8.4326171875 9.23518180847168 9.23518180847168 0 0 0
9 13 G H C 9.93222045898438 10.6539239883423 10.6539239883423 0 0 0
9 14 G H C 13.7100257873535 15.2765512466431 15.2765512466431 0 0 0
9 15 G Q C 15.9384360313416 17.5237331390381 17.5237331390381 0 0 0
9 16 G K C 12.9712219238281 13.0611581802368 14.5563268661499 0 0 0
9 17 G L C 17.9009714126587 19.2747859954834 19.2747859954834 0 0 0
9 18 G V C 16.410258769989 16.9039306640625 16.9039306640625 0 0 0
9 19 G F C 20.7821826934814 22.1705894470215 22.1705894470215 0 0 0
9 20 G F C 19.5023488998413 20.980712890625 20.980712890625 0 0 0
9 21 G A C 16.7925748825073 17.3454475402832 17.3454475402832 0 0 0
9 22 G E C 17.0546598434448 17.9266338348389 19.5158634185791 0 0 0
9 23 G D C 21.9396619796753 23.0256080627441 23.0256080627441 0 0 0
9 24 G V C 24.8643808364868 25.7101039886475 25.7101039886475 0 0 0
9 25 G G C 28.4981842041016 29.3873748779297 29.3873748779297 0 0 0
9 26 G S C 30.9152317047119 32.1253776550293 32.1253776550293 0 0 0
9 27 G N C 26.7771606445312 27.1393356323242 28.1006660461426 0 0 0
9 28 G K C 32.5594501495361 33.8823890686035 33.8823890686035 0 0 0
9 29 G G C 30.9564180374146 31.7222423553467 31.7222423553467 0 0 0
9 30 G A C 26.9335994720459 26.9833793640137 26.9833793640137 0 0 0
9 31 G I C 27.5543622970581 28.8099975585938 28.8099975585938 0 0 0
9 32 G I C 22.2513027191162 23.4655475616455 23.4655475616455 0 0 0
9 33 G G C 25.6690082550049 25.9793167114258 25.9793167114258 0 0 0
9 34 G L C 25.3150539398193 26.3992004394531 26.3992004394531 0 0 0
9 35 G M C 29.7446851730347 30.6778144836426 30.6778144836426 0 0 0
9 36 G V C 29.6262693405151 30.5929794311523 30.5929794311523 0 0 0
9 37 G G C 34.3349704742432 35.3159065246582 35.3159065246582 0 0 0
9 38 G G C 35.3456363677979 36.4948539733887 36.4948539733887 0 0 0
9 39 G V C 33.4761848449707 33.9193954467773 33.9193954467773 0 0 0
9 40 G V C 37.5726051330566 38.8180046081543 38.8180046081543 0 0 0
9 41 G I C 34.143461227417 34.9184341430664 34.9184341430664 0 0 0
9 42 G A C 38.6898937225342 39.6158447265625 39.6158447265625 0 0 0
10 1 Y D C 14.218710899353 14.6050338745117 19.9111423492432 0 0 0
10 2 Y A C 9.71069955825806 9.37774753570557 14.8863983154297 0 0 0
10 3 Y E C 10.0689082145691 10.6453342437744 15.6391973495483 0 0 0
10 4 Y F C 5.3674418926239 4.75863742828369 10.04368019104 0 0 0
10 5 Y R C 8.57438635826111 9.2556324005127 12.6944713592529 0 0 0
10 6 Y H C 5.25192475318909 5.30788564682007 7.56079196929932 0 0 0
10 7 Y D C 9.38971996307373 11.0399007797241 11.4734449386597 0 0 0
10 8 Y S C 6.11567974090576 7.63615131378174 8.08608150482178 0 0 0
10 9 Y G C 2.91689771413803 4.50554513931274 4.50554513931274 0 0 0
10 10 Y Y C 0 0 0 0 0 0
10 11 Y E C 3.37251675128937 5.41594839096069 5.41594839096069 0 0 0
10 12 Y V C 6.92345952987671 9.03114223480225 9.03114223480225 0 0 0
10 13 Y H C 7.82524251937866 8.58447647094727 8.74775791168213 0 0 0
10 14 Y H C 11.5653324127197 12.9435367584229 12.9435367584229 0 0 0
10 15 Y Q C 13.8396368026733 15.8875226974487 15.8875226974487 0 0 0
10 16 Y K C 12.6611866950989 13.7773942947388 14.4784889221191 0 0 0
10 17 Y L C 16.5569386482239 18.7469367980957 18.7469367980957 0 0 0
10 18 Y V C 16.0998001098633 17.6607761383057 17.6607761383057 0 0 0
10 19 Y F C 20.86669921875 23.2704944610596 23.2704944610596 0 0 0
10 20 Y F C 20.478588104248 22.9620800018311 22.9620800018311 0 0 0
10 21 Y A C 18.5377750396729 19.7229747772217 19.7229747772217 0 0 0
10 22 Y E C 19.7872228622437 21.3665676116943 22.6407299041748 0 0 0
10 23 Y D C 24.1193857192993 26.1063861846924 26.1063861846924 0 0 0
10 24 Y V C 26.5444936752319 28.0875511169434 28.0875511169434 0 0 0
10 25 Y G C 30.2759208679199 31.972635269165 31.972635269165 0 0 0
10 26 Y S C 32.0768003463745 34.2905960083008 34.2905960083008 0 0 0
10 27 Y N C 27.5242519378662 28.9767417907715 29.762508392334 0 0 0
10 28 Y K C 33.0264568328857 35.4227752685547 35.4227752685547 0 0 0
10 29 Y G C 30.7296047210693 32.716869354248 32.716869354248 0 0 0
10 30 Y A C 26.9254150390625 28.1358776092529 28.1358776092529 0 0 0
10 31 Y I C 26.7556028366089 29.0829391479492 29.0829391479492 0 0 0
10 32 Y I C 21.4369077682495 23.6452255249023 23.6452255249023 0 0 0
10 33 Y G C 24.1779861450195 25.3636436462402 25.3636436462402 0 0 0
10 34 Y L C 23.469033241272 25.1531410217285 25.1531410217285 0 0 0
10 35 Y M C 27.6628828048706 29.1724452972412 29.1724452972412 0 0 0
10 36 Y V C 27.9685869216919 29.8710155487061 29.8710155487061 0 0 0
10 37 Y G C 32.5588607788086 34.4204025268555 34.4204025268555 0 0 0
10 38 Y G C 33.8361968994141 35.9430999755859 35.9430999755859 0 0 0
10 39 Y V C 32.3821620941162 33.8465270996094 33.8465270996094 0 0 0
10 40 Y V C 36.6309719085693 39.0514221191406 39.0514221191406 0 0 0
10 41 Y I C 33.6461315155029 35.6980934143066 35.6980934143066 0 0 0
10 42 Y A C 38.4488353729248 40.661262512207 40.661262512207 0 0 0
11 1 E D C 22.9474954605103 25.1144714355469 25.1144714355469 0 0 0
11 2 E A C 18.469596862793 19.9247169494629 19.9247169494629 0 0 0
11 3 E E C 18.2070145606995 20.441577911377 20.6067352294922 0 0 0
11 4 E F C 13.6638097763062 14.8910646438599 14.8910646438599 0 0 0
11 5 E R C 14.30801820755 16.3181934356689 16.8610401153564 0 0 0
11 6 E H C 9.79092931747437 10.6658620834351 11.1344842910767 0 0 0
11 7 E D C 11.4727334976196 12.8784408569336 13.9382553100586 0 0 0
11 8 E S C 7.16634559631348 7.95768880844116 9.01831912994385 0 0 0
11 9 E G C 4.9358606338501 5.67720508575439 6.56257009506226 0 0 0
11 10 E Y C 3.37251675128937 5.41594839096069 5.41594839096069 0 0 0
11 11 E E C 0 0 0 0 0 0
11 12 E V C 3.02421200275421 4.71918249130249 4.71918249130249 0 0 0
11 13 E H C 5.66618251800537 7.31549119949341 7.31549119949341 0 0 0
11 14 E H C 9.18462181091309 10.9518070220947 10.9518070220947 0 0 0
11 15 E Q C 10.3370070457458 12.4337100982666 12.4337100982666 0 0 0
11 16 E K C 8.52459406852722 9.49490547180176 10.7141923904419 0 0 0
11 17 E L C 12.379282951355 14.1031713485718 14.1031713485718 0 0 0
11 18 E V C 11.3121047019958 11.8595676422119 12.8021688461304 0 0 0
11 19 E F C 15.6700754165649 17.2777194976807 18.4208488464355 0 0 0
11 20 E F C 15.2729134559631 16.8886375427246 18.4723930358887 0 0 0
11 21 E A C 13.7169346809387 14.6125955581665 16.0387783050537 0 0 0
11 22 E E C 15.7413196563721 16.6229305267334 19.3710422515869 0 0 0
11 23 E D C 18.9694414138794 20.3732566833496 22.3773593902588 0 0 0
11 24 E V C 21.2075748443604 22.2280158996582 23.8777561187744 0 0 0
11 25 E G C 24.8278522491455 25.9826622009277 27.7706413269043 0 0 0
11 26 E S C 26.4542894363403 27.9895706176758 29.6883563995361 0 0 0
11 27 E N C 21.7259960174561 22.53489112854 24.8833084106445 0 0 0
11 28 E K C 27.5157327651978 29.1620750427246 30.5585460662842 0 0 0
11 29 E G C 25.6378936767578 26.6475811004639 27.7536163330078 0 0 0
11 30 E A C 21.6124086380005 21.9910488128662 23.2016696929932 0 0 0
11 31 E I C 22.0913610458374 23.4354438781738 24.1173229217529 0 0 0
11 32 E I C 16.8933334350586 18.3788242340088 18.8763332366943 0 0 0
11 33 E G C 19.9703559875488 20.5751571655273 20.6454181671143 0 0 0
11 34 E L C 19.6475524902344 21.0395526885986 21.0395526885986 0 0 0
11 35 E M C 23.8114814758301 24.9897422790527 24.9897422790527 0 0 0
11 36 E V C 23.7730369567871 25.043701171875 25.1195125579834 0 0 0
11 37 E G C 28.4632253646851 29.769832611084 29.769832611084 0 0 0
11 38 E G C 29.4723606109619 30.7640953063965 31.0342655181885 0 0 0
11 39 E V C 27.7428541183472 28.2770080566406 28.8254013061523 0 0 0
11 40 E V C 31.7405872344971 33.1277618408203 33.9149703979492 0 0 0
11 41 E I C 28.5590915679932 29.5645599365234 30.6160202026367 0 0 0
11 42 E A C 32.9939470291138 34.2452583312988 35.509838104248 0 0 0
12 1 V D C 24.9654664993286 27.2103862762451 27.2103862762451 0 0 0
12 2 V A C 20.7291917800903 21.9348087310791 21.9348087310791 0 0 0
12 3 V E C 20.1966104507446 22.4551639556885 22.4551639556885 0 0 0
12 4 V F C 15.2653260231018 16.719705581665 16.719705581665 0 0 0
12 5 V R C 16.1871109008789 18.2847213745117 18.2847213745117 0 0 0
12 6 V H C 11.4298481941223 12.4034271240234 12.4034271240234 0 0 0
12 7 V D C 13.5461702346802 15.087854385376 15.087854385376 0 0 0
12 8 V S C 9.25195789337158 9.54154586791992 9.54154586791992 0 0 0
12 9 V G C 8.4326171875 9.23518180847168 9.23518180847168 0 0 0
12 10 V Y C 6.92345952987671 9.03114223480225 9.03114223480225 0 0 0
12 11 V E C 3.02421200275421 4.71918249130249 4.71918249130249 0 0 0
12 12 V V C 0 0 0 0 0 0
12 13 V H C 3.46901828050613 5.60933828353882 5.60933828353882 0 0 0
12 14 V H C 6.72161221504211 8.64290142059326 8.64290142059326 0 0 0
12 15 V Q C 7.12975263595581 8.99177742004395 8.99177742004395 0 0 0
12 16 V K C 4.34312748908997 5.09635162353516 6.05578422546387 0 0 0
12 17 V L C 8.30976104736328 10.0698585510254 10.0698585510254 0 0 0
12 18 V V C 7.71769404411316 8.76121711730957 8.76121711730957 0 0 0
12 19 V F C 12.5475969314575 14.4162921905518 14.4162921905518 0 0 0
12 20 V F C 12.7972683906555 14.8074684143066 14.8074684143066 0 0 0
12 21 V A C 11.8020792007446 12.3081645965576 12.3081645965576 0 0 0
12 22 V E C 14.7580881118774 15.782169342041 16.2988204956055 0 0 0
12 23 V D C 18.0502519607544 19.4909420013428 19.4909420013428 0 0 0
12 24 V V C 19.1031608581543 20.1864852905273 20.1864852905273 0 0 0
12 25 V G C 23.0685377120972 24.2668132781982 24.2668132781982 0 0 0
12 26 V S C 24.3486213684082 26.0959434509277 26.0959434509277 0 0 0
12 27 V N C 19.8890686035156 20.646125793457 21.2647953033447 0 0 0
12 28 V K C 24.8878259658813 26.7029838562012 26.7029838562012 0 0 0
12 29 V G C 22.2739601135254 23.7739448547363 23.7739448547363 0 0 0
12 30 V A C 18.63844871521 19.2835140228271 19.2835140228271 0 0 0
12 31 V I C 18.2827091217041 20.1060256958008 20.1060256958008 0 0 0
12 32 V I C 12.9008412361145 14.6495294570923 14.6495294570923 0 0 0
12 33 V G C 16.0712060928345 16.7805862426758 16.7805862426758 0 0 0
12 34 V L C 16.0277333259583 17.2718486785889 17.2718486785889 0 0 0
12 35 V M C 20.3424034118652 21.5465507507324 21.5465507507324 0 0 0
12 36 V V C 20.0846862792969 21.3902969360352 21.3902969360352 0 0 0
12 37 V G C 24.7935695648193 26.0888671875 26.0888671875 0 0 0
12 38 V G C 25.8479976654053 27.3739795684814 27.3739795684814 0 0 0
12 39 V V C 24.1106672286987 25.0145263671875 25.0145263671875 0 0 0
12 40 V V C 28.3605804443359 30.1804466247559 30.1804466247559 0 0 0
12 41 V I C 25.2437191009521 26.7595806121826 26.7595806121826 0 0 0
12 42 V A C 30.2012481689453 31.8515434265137 31.8515434265137 0 0 0
13 1 H D C 22.2741174697876 23.9001884460449 23.9734325408936 0 0 0
13 2 H A C 17.7015104293823 18.153694152832 18.3476066589355 0 0 0
13 3 H E C 18.5085515975952 19.9413013458252 19.9413013458252 0 0 0
13 4 H F C 12.9319972991943 13.7536287307739 14.0505275726318 0 0 0
13 5 H R C 15.812840461731 17.0291004180908 17.0291004180908 0 0 0
13 6 H H C 10.8845682144165 11.0896120071411 11.3962202072144 0 0 0
13 7 H D C 14.904501914978 15.9940700531006 15.9940700531006 0 0 0
13 8 H S C 10.6853246688843 10.6853246688843 11.0167112350464 0 0 0
13 9 H G C 9.93222045898438 10.6539239883423 10.6539239883423 0 0 0
13 10 H Y C 7.82524251937866 8.58447647094727 8.74775791168213 0 0 0
13 11 H E C 5.66618251800537 7.31549119949341 7.31549119949341 0 0 0
13 12 H V C 3.46901828050613 5.60933828353882 5.60933828353882 0 0 0
13 13 H H C 0 0 0 0 0 0
13 14 H H C 2.85410660505295 4.37862777709961 4.70969772338867 0 0 0
13 15 H Q C 5.26193654537201 7.86581468582153 7.86581468582153 0 0 0
13 16 H K C 6.25074672698975 7.54092931747437 7.54092931747437 0 0 0
13 17 H L C 9.76528382301331 12.0208740234375 12.0208740234375 0 0 0
13 18 H V C 11.3190250396729 12.8193798065186 12.8193798065186 0 0 0
13 19 H F C 15.9323191642761 18.1826305389404 18.1826305389404 0 0 0
13 20 H F C 16.6486763954163 19.1554870605469 19.1554870605469 0 0 0
13 21 H A C 15.4154920578003 16.1965007781982 16.1965007781982 0 0 0
13 22 H E C 18.5068645477295 19.7613105773926 20.4094352722168 0 0 0
13 23 H D C 22.1229372024536 24.0727672576904 24.0727672576904 0 0 0
13 24 H V C 22.7890176773071 24.2486267089844 24.2486267089844 0 0 0
13 25 H G C 26.8814344406128 28.4658145904541 28.4658145904541 0 0 0
13 26 H S C 28.0302085876465 30.257568359375 30.257568359375 0 0 0
13 27 H N C 23.7597694396973 24.9702739715576 25.4282646179199 0 0 0
13 28 H K C 28.2529401779175 30.38938331604 30.38938331604 0 0 0
13 29 H G C 24.9329357147217 27.0534629821777 27.0534629821777 0 0 0
13 30 H A C 21.6366949081421 22.9293594360352 22.9293594360352 0 0 0
13 31 H I C 20.3038663864136 22.7565860748291 22.7565860748291 0 0 0
13 32 H I C 14.8077297210693 17.1293754577637 17.1293754577637 0 0 0
13 33 H G C 16.8029589653015 18.3461685180664 18.3461685180664 0 0 0
13 34 H L C 14.8921251296997 17.0912399291992 17.311279296875 0 0 0
13 35 H M C 19.4512033462524 21.5178642272949 21.5507831573486 0 0 0
13 36 H V C 20.5272092819214 22.8028545379639 22.8028545379639 0 0 0
13 37 H G C 24.8099956512451 27.1157760620117 27.1157760620117 0 0 0
13 38 H G C 26.7661151885986 29.0739459991455 29.0739459991455 0 0 0
13 39 H V C 25.7536592483521 27.3126068115234 27.3126068115234 0 0 0
13 40 H V C 30.197940826416 32.858211517334 32.858211517334 0 0 0
13 41 H I C 27.6445598602295 29.9381828308105 29.9381828308105 0 0 0
13 42 H A C 33.0380535125732 35.3734283447266 35.3734283447266 0 0 0
14 1 H D C 25.2402906417847 27.0195960998535 27.0195960998535 0 0 0
14 2 H A C 20.8038911819458 21.224630355835 21.224630355835 0 0 0
14 3 H E C 21.5823755264282 23.6005039215088 23.6005039215088 0 0 0
14 4 H F C 15.663957118988 16.6347045898438 17.81077003479 0 0 0
14 5 H R C 19.0937519073486 21.2881488800049 21.2881488800049 0 0 0
14 6 H H C 14.1170959472656 15.3973417282104 15.8850383758545 0 0 0
14 7 H D C 18.4760217666626 20.6279964447021 20.6279964447021 0 0 0
14 8 H S C 14.225435256958 15.3127517700195 15.627025604248 0 0 0
14 9 H G C 13.7100257873535 15.2765512466431 15.2765512466431 0 0 0
14 10 H Y C 11.5653324127197 12.9435367584229 12.9435367584229 0 0 0
14 11 H E C 9.18462181091309 10.9518070220947 10.9518070220947 0 0 0
14 12 H V C 6.72161221504211 8.64290142059326 8.64290142059326 0 0 0
14 13 H H C 2.85410660505295 4.37862777709961 4.70969772338867 0 0 0
14 14 H H C 0 0 0 0 0 0
14 15 H Q C 3.00670117139816 4.685133934021 4.685133934021 0 0 0
14 16 H K C 6.01739954948425 7.85199737548828 7.85199737548828 0 0 0
14 17 H L C 8.78561687469482 10.4537115097046 10.4537115097046 0 0 0
14 18 H V C 11.8643522262573 13.3054723739624 13.3054723739624 0 0 0
14 19 H F C 15.9675946235657 18.0807571411133 18.0807571411133 0 0 0
14 20 H F C 17.5581755638123 20.130651473999 20.130651473999 0 0 0
14 21 H A C 16.9474177360535 17.9781055450439 17.9781055450439 0 0 0
14 22 H E C 20.5870351791382 22.2318706512451 22.6420078277588 0 0 0
14 23 H D C 23.8611125946045 26.0132846832275 26.0132846832275 0 0 0
14 24 H V C 23.2962818145752 25.1398220062256 25.1398220062256 0 0 0
14 25 H G C 27.490104675293 29.3776149749756 29.3776149749756 0 0 0
14 26 H S C 27.947286605835 30.576509475708 30.576509475708 0 0 0
14 27 H N C 24.217264175415 25.2933311462402 25.4756679534912 0 0 0
14 28 H K C 27.5980110168457 29.8736972808838 29.8736972808838 0 0 0
14 29 H G C 23.7135257720947 26.012020111084 26.012020111084 0 0 0
14 30 H A C 20.9238309860229 22.4179973602295 22.4179973602295 0 0 0
14 31 H I C 18.7108383178711 21.0631160736084 21.0631160736084 0 0 0
14 32 H I C 13.4630932807922 15.7154474258423 15.7154474258423 0 0 0
14 33 H G C 14.8520855903625 15.8000078201294 15.8000078201294 0 0 0
14 34 H L C 11.5729002952576 13.1166877746582 13.7902822494507 0 0 0
14 35 H M C 16.2415046691895 17.2342319488525 17.7373332977295 0 0 0
14 36 H V C 18.3406057357788 19.8136329650879 19.8974056243896 0 0 0
14 37 H G C 22.13600730896 23.5403270721436 23.8281936645508 0 0 0
14 38 H G C 24.6149339675903 26.0785942077637 26.1951847076416 0 0 0
14 39 H V C 23.7708387374878 25.0211925506592 25.0211925506592 0 0 0
14 40 H V C 28.4966325759888 30.7752742767334 30.7752742767334 0 0 0
14 41 H I C 26.2766723632812 28.554895401001 28.554895401001 0 0 0
14 42 H A C 31.8868389129639 34.1911582946777 34.1911582946777 0 0 0
15 1 Q D C 28.9316120147705 31.4072856903076 31.4072856903076 0 0 0
15 2 Q A C 24.5130558013916 25.6812534332275 25.6812534332275 0 0 0
15 3 Q E C 25.0839977264404 27.6172351837158 27.6172351837158 0 0 0
15 4 Q F C 19.3444957733154 20.9900341033936 21.8098049163818 0 0 0
15 5 Q R C 22.1370220184326 24.6196670532227 24.6196670532227 0 0 0
15 6 Q H C 17.2104315757751 18.7109603881836 18.9948883056641 0 0 0
15 7 Q D C 20.5943841934204 22.8954219818115 22.8954219818115 0 0 0
15 8 Q S C 16.3418583869934 17.5179347991943 17.5179347991943 0 0 0
15 9 Q G C 15.9384360313416 17.5237331390381 17.5237331390381 0 0 0
15 10 Q Y C 13.8396368026733 15.8875226974487 15.8875226974487 0 0 0
15 11 Q E C 10.3370070457458 12.4337100982666 12.4337100982666 0 0 0
15 12 Q V C 7.12975263595581 8.99177742004395 8.99177742004395 0 0 0
15 13 Q H C 5.26193654537201 7.86581468582153 7.86581468582153 0 0 0
15 14 Q H C 3.00670117139816 4.685133934021 4.685133934021 0 0 0
15 15 Q Q C 0 0 0 0 0 0
15 16 Q K C 3.62725847959518 5.92574787139893 5.92574787139893 0 0 0
15 17 Q L C 3.66512715816498 4.09948825836182 6.09290361404419 0 0 0
15 18 Q V C 7.79774594306946 8.95003890991211 10.1659336090088 0 0 0
15 19 Q F C 11.4126811027527 12.70543384552 14.2627744674683 0 0 0
15 20 Q F C 14.0806322097778 15.8895387649536 17.050199508667 0 0 0
15 21 Q A C 14.5584115982056 15.4892854690552 15.9198760986328 0 0 0
15 22 Q E C 18.4238948822021 20.3718357086182 20.7973365783691 0 0 0
15 23 Q D C 20.9658718109131 22.7670116424561 23.6270790100098 0 0 0
15 24 Q V C 19.9388380050659 20.8785610198975 21.9786128997803 0 0 0
15 25 Q G C 23.9808578491211 24.9263820648193 26.1299896240234 0 0 0
15 26 Q S C 23.7451238632202 25.3142700195312 26.8382415771484 0 0 0
15 27 Q N C 19.4967365264893 19.8621978759766 21.5684986114502 0 0 0
15 28 Q K C 22.7405567169189 23.9572906494141 25.6858196258545 0 0 0
15 29 Q G C 18.7709674835205 19.781343460083 21.6164894104004 0 0 0
15 30 Q A C 15.805862903595 16.5085334777832 18.2676525115967 0 0 0
15 31 Q I C 13.4730839729309 14.510422706604 16.4736213684082 0 0 0
15 32 Q I C 8.7373206615448 9.54563522338867 11.2966642379761 0 0 0
15 33 Q G C 8.7997579574585 9.09181213378906 11.1202917098999 0 0 0
15 34 Q L C 7.49534440040588 8.15078067779541 9.49821376800537 0 0 0
15 35 Q M C 11.3296899795532 12.2334489822388 13.6895046234131 0 0 0
15 36 Q V C 12.2107319831848 13.318883895874 15.29137134552 0 0 0
15 37 Q G C 16.4270696640015 17.5893077850342 19.3870697021484 0 0 0
15 38 Q G C 18.495587348938 19.5923328399658 21.5966892242432 0 0 0
15 39 Q V C 17.9366397857666 18.2821712493896 20.3415336608887 0 0 0
15 40 Q V C 22.4875888824463 24.008279800415 26.0968627929688 0 0 0
15 41 Q I C 20.7728157043457 22.023738861084 24.0065860748291 0 0 0
15 42 Q A C 26.3314485549927 27.6236000061035 29.6627540588379 0 0 0
16 1 K D C 29.0902452468872 30.3115844726562 30.5012168884277 0 0 0
16 2 K A C 25.0221014022827 25.0911331176758 25.2036304473877 0 0 0
16 3 K E C 24.1566610336304 25.471643447876 25.8306846618652 0 0 0
16 4 K F C 19.4617252349854 19.956823348999 20.2917613983154 0 0 0
16 5 K R C 19.2665557861328 20.6275997161865 21.7092761993408 0 0 0
16 6 K H C 15.0831146240234 15.3013744354248 16.1605434417725 0 0 0
16 7 K D C 15.1414003372192 16.4670886993408 18.8412914276123 0 0 0
16 8 K S C 11.4330682754517 11.4330682754517 13.4693880081177 0 0 0
16 9 K G C 12.9712219238281 13.0611581802368 14.5563268661499 0 0 0
16 10 K Y C 12.6611866950989 13.7773942947388 14.4784889221191 0 0 0
16 11 K E C 8.52459406852722 9.49490547180176 10.7141923904419 0 0 0
16 12 K V C 4.34312748908997 5.09635162353516 6.05578422546387 0 0 0
16 13 K H C 6.25074672698975 7.54092931747437 7.54092931747437 0 0 0
16 14 K H C 6.01739954948425 7.85199737548828 7.85199737548828 0 0 0
16 15 K Q C 3.62725847959518 5.92574787139893 5.92574787139893 0 0 0
16 16 K K C 0 0 0 0 0 0
16 17 K L C 3.68184024095535 6.03550434112549 6.03550434112549 0 0 0
16 18 K V C 4.28384006023407 4.97811031341553 6.24087285995483 0 0 0
16 19 K F C 8.30716776847839 9.69731140136719 10.9411602020264 0 0 0
16 20 K F C 7.50348615646362 9.17894649505615 12.4060487747192 0 0 0
16 21 K A C 5.83455848693848 5.83455848693848 10.2714881896973 0 0 0
16 22 K E C 9.31718730926514 10.0154542922974 15.0791082382202 0 0 0
16 23 K D C 12.6987929344177 13.8477602005005 18.2859134674072 0 0 0
16 24 K V C 13.4081168174744 13.9952554702759 17.3373012542725 0 0 0
16 25 K G C 17.4771327972412 18.1717338562012 21.5853004455566 0 0 0
16 26 K S C 19.18958568573 20.3722133636475 23.0565757751465 0 0 0
16 27 K N C 15.330424785614 15.451904296875 18.242826461792 0 0 0
16 28 K K C 19.9684267044067 21.3773765563965 22.9512214660645 0 0 0
16 29 K G C 17.0857367515564 19.022424697876 19.6658058166504 0 0 0
16 30 K A C 13.715639591217 14.4746608734131 15.5890769958496 0 0 0
16 31 K I C 13.10564661026 15.7286624908447 15.7286624908447 0 0 0
16 32 K I C 7.46771097183228 10.0339593887329 10.0339593887329 0 0 0
16 33 K G C 10.8821711540222 12.3635902404785 12.3635902404785 0 0 0
16 34 K L C 10.6419229507446 12.4296741485596 12.6135663986206 0 0 0
16 35 K M C 15.2857637405396 17.2625865936279 17.2625865936279 0 0 0
16 36 K V C 15.1036653518677 16.9907188415527 16.9907188415527 0 0 0
16 37 K G C 19.6318359375 21.5579414367676 21.5579414367676 0 0 0
16 38 K G C 20.9063873291016 23.032564163208 23.032564163208 0 0 0
16 39 K V C 19.1370182037354 20.6865844726562 20.6865844726562 0 0 0
16 40 K V C 23.4807777404785 26.0126247406006 26.0126247406006 0 0 0
16 41 K I C 20.2615795135498 22.4199676513672 22.6943531036377 0 0 0
16 42 K A C 25.3787412643433 27.3715057373047 28.1195392608643 0 0 0
17 1 L D C 33.525390625 35.8781852722168 35.8781852722168 0 0 0
17 2 L A C 29.2729721069336 30.3433074951172 30.3433074951172 0 0 0
17 3 L E C 28.9745445251465 31.4551467895508 31.4551467895508 0 0 0
17 4 L F C 23.9563646316528 25.6002159118652 25.7164535522461 0 0 0
17 5 L R C 24.9264755249023 27.4898815155029 27.4898815155029 0 0 0
17 6 L H C 20.2893295288086 21.7737350463867 21.7737350463867 0 0 0
17 7 L D C 21.8696975708008 24.3348445892334 24.3348445892334 0 0 0
17 8 L S C 17.6542167663574 18.8400039672852 18.8400039672852 0 0 0
17 9 L G C 17.9009714126587 19.2747859954834 19.2747859954834 0 0 0
17 10 L Y C 16.5569386482239 18.7469367980957 18.7469367980957 0 0 0
17 11 L E C 12.379282951355 14.1031713485718 14.1031713485718 0 0 0
17 12 L V C 8.30976104736328 10.0698585510254 10.0698585510254 0 0 0
17 13 L H C 9.76528382301331 12.0208740234375 12.0208740234375 0 0 0
17 14 L H C 8.78561687469482 10.4537115097046 10.4537115097046 0 0 0
17 15 L Q C 3.66512715816498 4.09948825836182 6.09290361404419 0 0 0
17 16 L K C 3.68184024095535 6.03550434112549 6.03550434112549 0 0 0
17 17 L L C 0 0 0 0 0 0
17 18 L V C 3.4948171377182 5.66000986099243 5.66000986099243 0 0 0
17 19 L F C 6.61672735214233 8.55880260467529 8.55880260467529 0 0 0
17 20 L F C 9.94933199882507 12.0565605163574 12.0565605163574 0 0 0
17 21 L A C 11.2463946342468 12.5264110565186 12.5264110565186 0 0 0
17 22 L E C 14.9152894020081 17.2653846740723 17.2653846740723 0 0 0
17 23 L D C 16.9759244918823 19.1957225799561 19.1957225799561 0 0 0
17 24 L V C 15.4458346366882 16.919605255127 16.919605255127 0 0 0
17 25 L G C 19.3020057678223 20.882604598999 20.882604598999 0 0 0
17 26 L S C 19.0124673843384 21.1400966644287 21.1400966644287 0 0 0
17 27 L N C 14.7316875457764 15.6788721084595 15.6788721084595 0 0 0
17 28 L K C 18.2241878509521 19.8627948760986 19.8627948760986 0 0 0
17 29 L G C 14.5856013298035 15.7673759460449 15.836597442627 0 0 0
17 30 L A C 11.5007071495056 12.3553524017334 12.3553524017334 0 0 0
17 31 L I C 9.54756546020508 10.6130075454712 10.9297866821289 0 0 0
17 32 L I C 4.69169437885284 5.48572111129761 5.65231370925903 0 0 0
17 33 L G C 5.42279863357544 5.89058685302734 6.72637701034546 0 0 0
17 34 L L C 5.80363631248474 6.61533689498901 8.00391674041748 0 0 0
17 35 L M C 9.66391038894653 11.0032157897949 12.2176675796509 0 0 0
17 36 L V C 9.28263902664185 10.4925384521484 11.3659219741821 0 0 0
17 37 L G C 13.8473882675171 15.0769729614258 16.0712699890137 0 0 0
17 38 L G C 15.4188895225525 16.6650047302246 17.4254264831543 0 0 0
17 39 L V C 14.3818054199219 14.8065214157104 15.3498592376709 0 0 0
17 40 L V C 18.8892450332642 20.4435348510742 20.864990234375 0 0 0
17 41 L I C 16.8720307350159 18.1193733215332 18.29465675354 0 0 0
17 42 L A C 22.4477386474609 23.7649669647217 23.8370838165283 0 0 0
18 1 V D C 33.593451499939 35.3709030151367 35.3709030151367 0 0 0
18 2 V A C 29.4952239990234 30.2361106872559 30.2361106872559 0 0 0
18 3 V E C 28.4217824935913 30.3110084533691 30.3110084533691 0 0 0
18 4 V F C 23.893159866333 24.8659191131592 24.8659191131592 0 0 0
18 5 V R C 23.5232572555542 25.4901161193848 25.4901161193848 0 0 0
18 6 V H C 19.2415990829468 19.9762630462646 19.9762630462646 0 0 0
18 7 V D C 19.2808771133423 21.1874351501465 21.1874351501465 0 0 0
18 8 V S C 15.3931183815002 15.9466323852539 15.9466323852539 0 0 0
18 9 V G C 16.410258769989 16.9039306640625 16.9039306640625 0 0 0
18 10 V Y C 16.0998001098633 17.6607761383057 17.6607761383057 0 0 0
18 11 V E C 11.3121047019958 11.8595676422119 12.8021688461304 0 0 0
18 12 V V C 7.71769404411316 8.76121711730957 8.76121711730957 0 0 0
18 13 V H C 11.3190250396729 12.8193798065186 12.8193798065186 0 0 0
18 14 V H C 11.8643522262573 13.3054723739624 13.3054723739624 0 0 0
18 15 V Q C 7.79774594306946 8.95003890991211 10.1659336090088 0 0 0
18 16 V K C 4.28384006023407 4.97811031341553 6.24087285995483 0 0 0
18 17 V L C 3.4948171377182 5.66000986099243 5.66000986099243 0 0 0
18 18 V V C 0 0 0 0 0 0
18 19 V F C 3.50726002454758 5.68546772003174 5.68546772003174 0 0 0
18 20 V F C 5.72813940048218 7.29416370391846 7.29416370391846 0 0 0
18 21 V A C 6.9142861366272 7.61519002914429 7.61519002914429 0 0 0
18 22 V E C 10.3633165359497 12.0718393325806 12.0718393325806 0 0 0
18 23 V D C 12.3542890548706 13.9505968093872 13.9505968093872 0 0 0
18 24 V V C 11.3876404762268 12.7701225280762 12.7701225280762 0 0 0
18 25 V G C 15.3705458641052 16.8178443908691 16.8178443908691 0 0 0
18 26 V S C 15.6868753433228 17.8785209655762 17.8785209655762 0 0 0
18 27 V N C 11.4562783241272 12.3133974075317 12.7275724411011 0 0 0
18 28 V K C 15.799159526825 17.9957847595215 17.9957847595215 0 0 0
18 29 V G C 13.161057472229 15.0573015213013 15.0573015213013 0 0 0
18 30 V A C 9.48132944107056 10.5245132446289 10.5245132446289 0 0 0
18 31 V I C 9.84516453742981 11.9758634567261 11.9758634567261 0 0 0
18 32 V I C 5.23049855232239 7.02187967300415 7.02187967300415 0 0 0
18 33 V G C 9.32854223251343 10.6784782409668 10.6784782409668 0 0 0
18 34 V L C 11.5164909362793 13.260968208313 13.260968208313 0 0 0
18 35 V M C 15.2998147010803 17.327938079834 17.327938079834 0 0 0
18 36 V V C 13.4872326850891 15.0470476150513 15.0470476150513 0 0 0
18 37 V G C 18.2685718536377 19.8717727661133 19.8717727661133 0 0 0
18 38 V G C 18.5830507278442 20.3545761108398 20.3545761108398 0 0 0
18 39 V V C 15.9563269615173 17.2636394500732 17.2636394500732 0 0 0
18 40 V V C 19.9375677108765 21.9915714263916 21.9915714263916 0 0 0
18 41 V I C 16.3061265945435 18.1290302276611 18.1290302276611 0 0 0
18 42 V A C 21.1396074295044 23.1515769958496 23.1515769958496 0 0 0
19 1 F D C 38.2172698974609 40.556697845459 40.556697845459 0 0 0
19 2 F A C 34.2023906707764 35.5491523742676 35.5491523742676 0 0 0
19 3 F E C 32.9343547821045 35.3517036437988 35.3517036437988 0 0 0
19 4 F F C 28.5536451339722 30.1122493743896 30.1122493743896 0 0 0
19 5 F R C 27.6708269119263 30.2728309631348 30.2728309631348 0 0 0
19 6 F H C 23.6847763061523 25.0387439727783 25.0387439727783 0 0 0
19 7 F D C 22.8261680603027 25.6299839019775 25.6299839019775 0 0 0
19 8 F S C 19.3789968490601 20.7483882904053 20.7483882904053 0 0 0
19 9 F G C 20.7821826934814 22.1705894470215 22.1705894470215 0 0 0
19 10 F Y C 20.86669921875 23.2704944610596 23.2704944610596 0 0 0
19 11 F E C 15.6700754165649 17.2777194976807 18.4208488464355 0 0 0
19 12 F V C 12.5475969314575 14.4162921905518 14.4162921905518 0 0 0
19 13 F H C 15.9323191642761 18.1826305389404 18.1826305389404 0 0 0
19 14 F H C 15.9675946235657 18.0807571411133 18.0807571411133 0 0 0
19 15 F Q C 11.4126811027527 12.70543384552 14.2627744674683 0 0 0
19 16 F K C 8.30716776847839 9.69731140136719 10.9411602020264 0 0 0
19 17 F L C 6.61672735214233 8.55880260467529 8.55880260467529 0 0 0
19 18 F V C 3.50726002454758 5.68546772003174 5.68546772003174 0 0 0
19 19 F F C 0 0 0 0 0 0
19 20 F F C 2.70444011688232 4.07913780212402 4.71938800811768 0 0 0
19 21 F A C 6.15647125244141 8.30509853363037 8.30509853363037 0 0 0
19 22 F E C 9.17136192321777 11.6368341445923 11.6368341445923 0 0 0
19 23 F D C 10.0963664054871 12.0060291290283 12.0060291290283 0 0 0
19 24 F V C 7.73557329177856 8.61340427398682 8.75698375701904 0 0 0
19 25 F G C 11.1022977828979 12.2112045288086 12.4583005905151 0 0 0
19 26 F S C 9.74905490875244 11.7787847518921 12.6919765472412 0 0 0
19 27 F N C 6.51525449752808 7.0721549987793 7.39659881591797 0 0 0
19 28 F K C 8.85108876228333 10.2190618515015 12.3305311203003 0 0 0
19 29 F G C 6.01278614997864 6.9762134552002 9.55526161193848 0 0 0
19 30 F A C 3.50125706195831 3.90209698677063 4.90467882156372 0 0 0
19 31 F I C 4.49198603630066 5.78903532028198 7.86546802520752 0 0 0
19 32 F I C 4.14652907848358 4.7438325881958 5.17060470581055 0 0 0
19 33 F G C 7.99582982063293 9.25517463684082 9.77494430541992 0 0 0
19 34 F L C 11.4733037948608 12.953803062439 13.6580324172974 0 0 0
19 35 F M C 14.3001275062561 15.9094285964966 17.0135498046875 0 0 0
19 36 F V C 11.0076298713684 11.5527868270874 13.0480470657349 0 0 0
19 37 F G C 14.7914633750916 15.4024696350098 17.5007381439209 0 0 0
19 38 F G C 14.0496830940247 14.9861688613892 17.1566638946533 0 0 0
19 39 F V C 10.613757610321 11.0924682617188 13.3589668273926 0 0 0
19 40 F V C 13.8492259979248 14.8943710327148 17.3458080291748 0 0 0
19 41 F I C 9.63726902008057 10.3993816375732 12.8551273345947 0 0 0
19 42 F A C 14.4626264572144 15.609974861145 17.740198135376 0 0 0
20 1 F D C 37.0025882720947 39.765022277832 39.765022277832 0 0 0
20 2 F A C 33.252815246582 35.1771354675293 35.1771354675293 0 0 0
20 3 F E C 31.3808145523071 34.196891784668 34.196891784668 0 0 0
20 4 F F C 27.4668140411377 29.3742694854736 29.3742694854736 0 0 0
20 5 F R C 25.821102142334 28.6303958892822 28.6303958892822 0 0 0
20 6 F H C 22.1891174316406 23.8465843200684 23.8465843200684 0 0 0
20 7 F D C 20.7389154434204 23.3550796508789 23.3550796508789 0 0 0
20 8 F S C 17.6707954406738 19.0638294219971 19.0638294219971 0 0 0
20 9 F G C 19.5023488998413 20.980712890625 20.980712890625 0 0 0
20 10 F Y C 20.478588104248 22.9620800018311 22.9620800018311 0 0 0
20 11 F E C 15.2729134559631 16.8886375427246 18.4723930358887 0 0 0
20 12 F V C 12.7972683906555 14.8074684143066 14.8074684143066 0 0 0
20 13 F H C 16.6486763954163 19.1554870605469 19.1554870605469 0 0 0
20 14 F H C 17.5581755638123 20.130651473999 20.130651473999 0 0 0
20 15 F Q C 14.0806322097778 15.8895387649536 17.050199508667 0 0 0
20 16 F K C 7.50348615646362 9.17894649505615 12.4060487747192 0 0 0
20 17 F L C 9.94933199882507 12.0565605163574 12.0565605163574 0 0 0
20 18 F V C 5.72813940048218 7.29416370391846 7.29416370391846 0 0 0
20 19 F F C 2.70444011688232 4.07913780212402 4.71938800811768 0 0 0
20 20 F F C 0 0 0 0 0 0
20 21 F A C 3.29270154237747 5.25679397583008 5.25679397583008 0 0 0
20 22 F E C 5.67294478416443 7.20964479446411 7.20964479446411 0 0 0
20 23 F D C 6.53926587104797 7.38679885864258 7.38679885864258 0 0 0
20 24 F V C 4.35909736156464 5.36484384536743 5.66307830810547 0 0 0
20 25 F G C 7.86886477470398 8.80875015258789 9.62602043151855 0 0 0
20 26 F S C 7.32500767707825 8.7357349395752 11.3787145614624 0 0 0
20 27 F N C 3.04416084289551 3.08574628829956 7.45865392684937 0 0 0
20 28 F K C 8.07815885543823 9.30385398864746 13.0577936172485 0 0 0
20 29 F G C 7.6344199180603 8.08442115783691 11.9933490753174 0 0 0
20 30 F A C 3.6896116733551 3.6896116733551 7.40708017349243 0 0 0
20 31 F I C 8.04699921607971 9.20565891265869 12.1308517456055 0 0 0
20 32 F I C 8.03122496604919 8.87265872955322 9.7156867980957 0 0 0
20 33 F G C 12.1669397354126 13.0843496322632 14.4403963088989 0 0 0
20 34 F L C 15.8000559806824 17.3576583862305 18.0565567016602 0 0 0
20 35 F M C 18.8185577392578 20.2123775482178 21.6530609130859 0 0 0
20 36 F V C 15.1693668365479 15.4566698074341 17.7336750030518 0 0 0
20 37 F G C 19.0805835723877 19.4325675964355 22.0875663757324 0 0 0
20 38 F G C 17.2758827209473 18.2925987243652 21.5116539001465 0 0 0
20 39 F V C 13.3830585479736 14.0487842559814 17.4695281982422 0 0 0
20 40 F V C 15.3944659233093 16.7023849487305 20.6972751617432 0 0 0
20 41 F I C 11.0004734992981 11.4336996078491 15.513692855835 0 0 0
20 42 F A C 14.5473809242249 15.3370943069458 19.5285949707031 0 0 0
21 1 A D C 34.0199584960938 35.1482315063477 35.1482315063477 0 0 0
21 2 A A C 30.4503288269043 30.8269081115723 30.8269081115723 0 0 0
21 3 A E C 28.2560386657715 29.4811668395996 29.4811668395996 0 0 0
21 4 A F C 24.7003221511841 24.9598369598389 24.9598369598389 0 0 0
21 5 A R C 22.5375032424927 23.8360443115234 23.8360443115234 0 0 0
21 6 A H C 19.0578079223633 19.372859954834 19.372859954834 0 0 0
21 7 A D C 17.1367635726929 18.7603054046631 18.7603054046631 0 0 0
21 8 A S C 14.5549311637878 14.7249317169189 14.7249317169189 0 0 0
21 9 A G C 16.7925748825073 17.3454475402832 17.3454475402832 0 0 0
21 10 A Y C 18.5377750396729 19.7229747772217 19.7229747772217 0 0 0
21 11 A E C 13.7169346809387 14.6125955581665 16.0387783050537 0 0 0
21 12 A V C 11.8020792007446 12.3081645965576 12.3081645965576 0 0 0
21 13 A H C 15.4154920578003 16.1965007781982 16.1965007781982 0 0 0
21 14 A H C 16.9474177360535 17.9781055450439 17.9781055450439 0 0 0
21 15 A Q C 14.5584115982056 15.4892854690552 15.9198760986328 0 0 0
21 16 A K C 5.83455848693848 5.83455848693848 10.2714881896973 0 0 0
21 17 A L C 11.2463946342468 12.5264110565186 12.5264110565186 0 0 0
21 18 A V C 6.9142861366272 7.61519002914429 7.61519002914429 0 0 0
21 19 A F C 6.15647125244141 8.30509853363037 8.30509853363037 0 0 0
21 20 A F C 3.29270154237747 5.25679397583008 5.25679397583008 0 0 0
21 21 A A C 0 0 0 0 0 0
21 22 A E C 3.12029254436493 4.91081190109253 4.91081190109253 0 0 0
21 23 A D C 6.25117015838623 8.31514453887939 8.31514453887939 0 0 0
21 24 A V C 7.40135717391968 8.76501178741455 8.76501178741455 0 0 0
21 25 A G C 11.2158999443054 12.7636203765869 12.7636203765869 0 0 0
21 26 A S C 13.5428547859192 15.6109972000122 15.6109972000122 0 0 0
21 27 A N C 10.0830216407776 11.5087480545044 12.5064210891724 0 0 0
21 28 A K C 15.4398875236511 17.6483039855957 17.6483039855957 0 0 0
21 29 A G C 14.9539551734924 16.4970970153809 16.4970970153809 0 0 0
21 30 A A C 11.0279831886292 12.0288982391357 12.0288982391357 0 0 0
21 31 A I C 13.9674315452576 15.8377161026001 15.8377161026001 0 0 0
21 32 A I C 11.0394668579102 11.9547843933105 11.9547843933105 0 0 0
21 33 A G C 15.6555433273315 16.6370067596436 16.6370067596436 0 0 0
21 34 A L C 18.2834300994873 19.1052303314209 19.1781425476074 0 0 0
21 35 A M C 22.0851049423218 23.4297618865967 23.4297618865967 0 0 0
21 36 A V C 19.6469106674194 20.5759105682373 20.5759105682373 0 0 0
21 37 A G C 24.0523500442505 25.0814514160156 25.0814514160156 0 0 0
21 38 A G C 23.4521474838257 25.1471652984619 25.1471652984619 0 0 0
21 39 A V C 20.0465965270996 21.4003143310547 21.4003143310547 0 0 0
21 40 A V C 23.0301580429077 25.1706218719482 25.1706218719482 0 0 0
21 41 A I C 18.735499382019 20.1401977539062 20.1401977539062 0 0 0
21 42 A A C 22.4517803192139 24.4135246276855 24.4135246276855 0 0 0
22 1 E D C 34.0312461853027 35.5488014221191 37.182975769043 0 0 0
22 2 E A C 30.8031616210938 31.963436126709 33.3942947387695 0 0 0
22 3 E E C 27.9238271713257 29.5372047424316 31.247163772583 0 0 0
22 4 E F C 24.7308807373047 25.8339462280273 27.3350086212158 0 0 0
22 5 E R C 21.702919960022 23.3720073699951 25.19700050354 0 0 0
22 6 E H C 18.8907098770142 19.9327182769775 21.503080368042 0 0 0
22 7 E D C 15.7293982505798 17.4276332855225 19.4891109466553 0 0 0
22 8 E S C 14.4107737541199 14.9199209213257 16.5718784332275 0 0 0
22 9 E G C 17.0546598434448 17.9266338348389 19.5158634185791 0 0 0
22 10 E Y C 19.7872228622437 21.3665676116943 22.6407299041748 0 0 0
22 11 E E C 15.7413196563721 16.6229305267334 19.3710422515869 0 0 0
22 12 E V C 14.7580881118774 15.782169342041 16.2988204956055 0 0 0
22 13 E H C 18.5068645477295 19.7613105773926 20.4094352722168 0 0 0
22 14 E H C 20.5870351791382 22.2318706512451 22.6420078277588 0 0 0
22 15 E Q C 18.4238948822021 20.3718357086182 20.7973365783691 0 0 0
22 16 E K C 9.31718730926514 10.0154542922974 15.0791082382202 0 0 0
22 17 E L C 14.9152894020081 17.2653846740723 17.2653846740723 0 0 0
22 18 E V C 10.3633165359497 12.0718393325806 12.0718393325806 0 0 0
22 19 E F C 9.17136192321777 11.6368341445923 11.6368341445923 0 0 0
22 20 E F C 5.67294478416443 7.20964479446411 7.20964479446411 0 0 0
22 21 E A C 3.12029254436493 4.91081190109253 4.91081190109253 0 0 0
22 22 E E C 0 0 0 0 0 0
22 23 E D C 3.00933176279068 4.68999624252319 4.68999624252319 0 0 0
22 24 E V C 6.25752186775208 7.86685180664062 7.86685180664062 0 0 0
22 25 E G C 9.50080537796021 10.7404174804688 10.7404174804688 0 0 0
22 26 E S C 12.6530232429504 14.5958251953125 14.5958251953125 0 0 0
22 27 E N C 10.562801361084 11.8772563934326 13.1839056015015 0 0 0
22 28 E K C 16.1803483963013 18.0105590820312 18.0105590820312 0 0 0
22 29 E G C 16.8804526329041 18.1908683776855 18.1908683776855 0 0 0
22 30 E A C 13.1959671974182 14.1236763000488 14.1236763000488 0 0 0
22 31 E I C 16.8113045692444 18.9822006225586 18.9822006225586 0 0 0
22 32 E I C 14.4677581787109 16.0575160980225 16.0575160980225 0 0 0
22 33 E G C 19.1829700469971 20.8769474029541 20.8769474029541 0 0 0
22 34 E L C 21.9942264556885 23.7273426055908 23.7786998748779 0 0 0
22 35 E M C 25.6905899047852 27.8542747497559 27.8542747497559 0 0 0
22 36 E V C 22.9982995986938 24.4644565582275 24.4644565582275 0 0 0
22 37 E G C 27.2958879470825 28.7951488494873 28.7951488494873 0 0 0
22 38 E G C 26.40576171875 28.4020042419434 28.4020042419434 0 0 0
22 39 E V C 22.7692861557007 24.3411903381348 24.3411903381348 0 0 0
22 40 E V C 25.1875476837158 27.2916069030762 27.2916069030762 0 0 0
22 41 E I C 20.5690422058105 21.7932796478271 21.7932796478271 0 0 0
22 42 E A C 23.4405508041382 25.1809902191162 25.1809902191162 0 0 0
23 1 D D C 39.5729351043701 41.5102882385254 41.5102882385254 0 0 0
23 2 D A C 36.2009410858154 37.6798248291016 37.6798248291016 0 0 0
23 3 D E C 33.5546569824219 35.5480728149414 35.5480728149414 0 0 0
23 4 D F C 30.2059125900269 31.5679817199707 31.5679817199707 0 0 0
23 5 D R C 27.435751914978 29.4291915893555 29.4291915893555 0 0 0
23 6 D H C 24.4040040969849 25.6695327758789 25.6695327758789 0 0 0
23 7 D D C 21.4990854263306 23.3958950042725 23.3958950042725 0 0 0
23 8 D S C 19.6812658309937 20.5283355712891 20.5283355712891 0 0 0
23 9 D G C 21.9396619796753 23.0256080627441 23.0256080627441 0 0 0
23 10 D Y C 24.1193857192993 26.1063861846924 26.1063861846924 0 0 0
23 11 D E C 18.9694414138794 20.3732566833496 22.3773593902588 0 0 0
23 12 D V C 18.0502519607544 19.4909420013428 19.4909420013428 0 0 0
23 13 D H C 22.1229372024536 24.0727672576904 24.0727672576904 0 0 0
23 14 D H C 23.8611125946045 26.0132846832275 26.0132846832275 0 0 0
23 15 D Q C 20.9658718109131 22.7670116424561 23.6270790100098 0 0 0
23 16 D K C 12.6987929344177 13.8477602005005 18.2859134674072 0 0 0
23 17 D L C 16.9759244918823 19.1957225799561 19.1957225799561 0 0 0
23 18 D V C 12.3542890548706 13.9505968093872 13.9505968093872 0 0 0
23 19 D F C 10.0963664054871 12.0060291290283 12.0060291290283 0 0 0
23 20 D F C 6.53926587104797 7.38679885864258 7.38679885864258 0 0 0
23 21 D A C 6.25117015838623 8.31514453887939 8.31514453887939 0 0 0
23 22 D E C 3.00933176279068 4.68999624252319 4.68999624252319 0 0 0
23 23 D D C 0 0 0 0 0 0
23 24 D V C 3.54747223854065 5.76552772521973 5.90887117385864 0 0 0
23 25 D G C 5.45164775848389 6.30622386932373 7.33523178100586 0 0 0
23 26 D S C 8.75247740745544 10.2371168136597 11.2365703582764 0 0 0
23 27 D N C 7.97466397285461 9.07939052581787 10.8872890472412 0 0 0
23 28 D K C 13.1937527656555 14.7724876403809 15.4673957824707 0 0 0
23 29 D G C 15.0779318809509 16.3592529296875 16.6406192779541 0 0 0
23 30 D A C 12.1588411331177 13.0787582397461 13.0787582397461 0 0 0
23 31 D I C 16.4951782226562 18.6664810180664 18.6664810180664 0 0 0
23 32 D I C 15.8357281684875 17.0163269042969 17.0163269042969 0 0 0
23 33 D G C 20.2779989242554 21.7634086608887 21.7634086608887 0 0 0
23 34 D L C 23.593282699585 25.3576469421387 25.3576469421387 0 0 0
23 35 D M C 26.9702930450439 28.957914352417 28.957914352417 0 0 0
23 36 D V C 23.6688823699951 24.7827816009521 24.7827816009521 0 0 0
23 37 D G C 27.584979057312 28.876651763916 28.876651763916 0 0 0
23 38 D G C 25.9907703399658 27.8732795715332 27.8732795715332 0 0 0
23 39 D V C 21.9580583572388 23.5554904937744 23.5803451538086 0 0 0
23 40 D V C 23.2724933624268 25.290994644165 25.6546726226807 0 0 0
23 41 D I C 18.2691106796265 19.5485363006592 19.9578056335449 0 0 0
23 42 D A C 20.2602891921997 21.7060546875 22.4670944213867 0 0 0
24 1 V D C 42.095251083374 43.8482513427734 43.8482513427734 0 0 0
24 2 V A C 38.6182174682617 39.5842056274414 39.5842056274414 0 0 0
24 3 V E C 36.3008480072021 38.1171340942383 38.1171340942383 0 0 0
24 4 V F C 32.8308362960815 33.7164344787598 33.7164344787598 0 0 0
24 5 V R C 30.4905004501343 32.3267631530762 32.3267631530762 0 0 0
24 6 V H C 27.2446908950806 28.0797271728516 28.0797271728516 0 0 0
24 7 V D C 24.9415893554688 26.9035453796387 26.9035453796387 0 0 0
24 8 V S C 22.6641883850098 23.2675552368164 23.2675552368164 0 0 0
24 9 V G C 24.8643808364868 25.7101039886475 25.7101039886475 0 0 0
24 10 V Y C 26.5444936752319 28.0875511169434 28.0875511169434 0 0 0
24 11 V E C 21.2075748443604 22.2280158996582 23.8777561187744 0 0 0
24 12 