Pos1 Pos2 WT_AA1 WT_AA2 chainids HAmin scHAmin CB HAmin_sd scHAmin_sd CB_sd
1 1 D D E 0 0 0 0 0 0
1 2 D A E 3.60650384426117 5.88265562057495 5.88265562057495 0 0 0
1 3 D E E 3.19939041137695 3.82666301727295 5.03443384170532 0 0 0
1 4 D F E 7.93026733398438 9.55939388275146 9.55939388275146 0 0 0
1 5 D R E 8.14257979393005 9.21251106262207 9.21251106262207 0 0 0
1 6 D H E 12.5910229682922 14.8103036880493 14.8103036880493 0 0 0
1 7 D D E 12.3997731208801 13.5172243118286 13.5172243118286 0 0 0
1 8 D S E 15.6716389656067 16.7765674591064 17.919412612915 0 0 0
1 9 D G E 19.3260707855225 21.0508880615234 21.0508880615234 0 0 0
1 10 D Y E 21.6018981933594 22.9912948608398 22.9912948608398 0 0 0
1 11 D E E 25.6415042877197 27.6855564117432 27.6855564117432 0 0 0
1 12 D V E 24.1975574493408 25.9869785308838 25.9869785308838 0 0 0
1 13 D H E 29.2877864837646 31.5615348815918 31.5615348815918 0 0 0
1 14 D H E 27.5924472808838 29.2920608520508 30.0559711456299 0 0 0
1 15 D Q E 32.9931259155273 35.133228302002 35.133228302002 0 0 0
1 16 D K E 28.2896766662598 29.1631736755371 32.829216003418 0 0 0
1 17 D L E 36.2164573669434 38.314022064209 38.314022064209 0 0 0
1 18 D V E 34.0233840942383 35.5256309509277 35.5256309509277 0 0 0
1 19 D F E 38.8600292205811 40.8649024963379 40.8649024963379 0 0 0
1 20 D F E 33.4736385345459 34.2551231384277 38.4515609741211 0 0 0
1 21 D A E 40.8869514465332 42.4043960571289 42.4043960571289 0 0 0
1 22 D E E 42.5262775421143 44.4113578796387 44.4113578796387 0 0 0
1 23 D D E 39.8625164031982 41.6490783691406 41.6490783691406 0 0 0
1 24 D V E 35.7693004608154 37.106876373291 37.106876373291 0 0 0
1 25 D G E 34.4869594573975 35.2772026062012 35.2772026062012 0 0 0
1 26 D S E 37.4268989562988 39.1197319030762 39.1197319030762 0 0 0
1 27 D N E 34.8974342346191 35.9007530212402 37.3126602172852 0 0 0
1 28 D K E 41.2101764678955 42.946720123291 43.0205039978027 0 0 0
1 29 D G E 42.0738849639893 43.127082824707 43.1816215515137 0 0 0
1 30 D A E 38.0356826782227 38.4847640991211 38.5243492126465 0 0 0
1 31 D I E 37.0982913970947 38.8758583068848 39.0938186645508 0 0 0
1 32 D I E 32.454195022583 33.682300567627 33.896053314209 0 0 0
1 33 D G E 31.3773927688599 32.9110145568848 33.2757911682129 0 0 0
1 34 D L E 26.5803384780884 27.378942489624 29.3069934844971 0 0 0
1 35 D M E 26.9348840713501 28.743989944458 29.5289478302002 0 0 0
1 36 D V E 22.4723205566406 23.6911487579346 24.361255645752 0 0 0
1 37 D G E 23.8237190246582 24.3469562530518 25.2020130157471 0 0 0
1 38 D G E 26.3768320083618 27.5466003417969 28.4938888549805 0 0 0
1 39 D V E 29.691309928894 30.7533378601074 31.7414722442627 0 0 0
1 40 D V E 32.1414737701416 33.1648559570312 33.9460601806641 0 0 0
1 41 D I E 34.529390335083 35.5595817565918 36.4753494262695 0 0 0
1 42 D A E 37.9400100708008 39.5481758117676 40.3591232299805 0 0 0
2 1 A D E 3.60650384426117 5.88265562057495 5.88265562057495 0 0 0
2 2 A A E 0 0 0 0 0 0
2 3 A E E 3.39180588722229 5.44883823394775 5.44883823394775 0 0 0
2 4 A F E 5.36291801929474 7.00357913970947 7.00357913970947 0 0 0
2 5 A R E 3.56469225883484 3.56469225883484 3.56469225883484 0 0 0
2 6 A H E 8.19453644752502 9.40482616424561 9.40482616424561 0 0 0
2 7 A D E 7.65624761581421 7.65624761581421 7.65624761581421 0 0 0
2 8 A S E 11.0214071273804 11.1406373977661 12.217601776123 0 0 0
2 9 A G E 14.5793128013611 15.1876010894775 15.1876010894775 0 0 0
2 10 A Y E 16.8841104507446 17.1706809997559 17.1706809997559 0 0 0
2 11 A E E 20.9237575531006 21.838342666626 21.838342666626 0 0 0
2 12 A V E 19.4810132980347 20.1802539825439 20.1802539825439 0 0 0
2 13 A H E 24.5671653747559 25.7590522766113 25.7590522766113 0 0 0
2 14 A H E 23.1367216110229 23.7929782867432 24.5440559387207 0 0 0
2 15 A Q E 28.5271987915039 29.6875171661377 29.6875171661377 0 0 0
2 16 A K E 24.2664632797241 24.4688892364502 27.828706741333 0 0 0
2 17 A L E 32.0924835205078 33.3982620239258 33.3982620239258 0 0 0
2 18 A V E 30.117280960083 31.0864677429199 31.0864677429199 0 0 0
2 19 A F E 35.0331058502197 36.5748405456543 36.5748405456543 0 0 0
2 20 A F E 29.935019493103 30.4932270050049 34.6834754943848 0 0 0
2 21 A A E 37.5083198547363 38.9379997253418 38.9379997253418 0 0 0
2 22 A E E 39.3711490631104 41.2667083740234 41.2667083740234 0 0 0
2 23 A D E 36.9901313781738 38.9881553649902 38.9881553649902 0 0 0
2 24 A V E 32.5786352157593 33.9336204528809 33.9336204528809 0 0 0
2 25 A G E 31.7065801620483 32.6964073181152 32.6964073181152 0 0 0
2 26 A S E 34.6989479064941 36.6907196044922 36.6907196044922 0 0 0
2 27 A N E 32.6596183776855 34.2061424255371 35.6741600036621 0 0 0
2 28 A K E 38.8531017303467 41.0004806518555 41.2530212402344 0 0 0
2 29 A G E 40.3023929595947 42.0254249572754 42.0254249572754 0 0 0
2 30 A A E 36.2672634124756 37.4449691772461 37.4449691772461 0 0 0
2 31 A I E 36.153678894043 38.8214683532715 38.8214683532715 0 0 0
2 32 A I E 31.2751808166504 33.3266830444336 33.3266830444336 0 0 0
2 33 A G E 31.0416212081909 33.4965362548828 33.4965362548828 0 0 0
2 34 A L E 26.0723943710327 27.86252784729 29.3636493682861 0 0 0
2 35 A M E 27.7064180374146 30.6631927490234 30.6631927490234 0 0 0
2 36 A V E 23.1214218139648 25.3260154724121 25.3260154724121 0 0 0
2 37 A G E 25.3564882278442 27.1427383422852 27.1427383422852 0 0 0
2 38 A G E 28.2567644119263 30.5783557891846 30.5783557891846 0 0 0
2 39 A V E 31.9435338973999 34.3391418457031 34.3391418457031 0 0 0
2 40 A V E 33.8795013427734 36.0044593811035 36.0044593811035 0 0 0
2 41 A I E 36.8392391204834 39.1633987426758 39.1633987426758 0 0 0
2 42 A A E 40.0229434967041 42.764778137207 42.764778137207 0 0 0
3 1 E D E 3.19939041137695 3.82666301727295 5.03443384170532 0 0 0
3 2 E A E 3.39180588722229 5.44883823394775 5.44883823394775 0 0 0
3 3 E E E 0 0 0 0 0 0
3 4 E F E 3.19826006889343 5.06166934967041 5.06166934967041 0 0 0
3 5 E R E 5.45475900173187 7.0785117149353 7.0785117149353 0 0 0
3 6 E H E 9.33569669723511 11.5607318878174 11.5607318878174 0 0 0
3 7 E D E 10.8723788261414 12.0734720230103 12.0734720230103 0 0 0
3 8 E S E 13.2268071174622 14.3847217559814 15.6922416687012 0 0 0
3 9 E G E 17.0424509048462 18.6522445678711 18.6522445678711 0 0 0
3 10 E Y E 19.9111289978027 21.4808139801025 21.4808139801025 0 0 0
3 11 E E E 23.8383121490479 25.8824634552002 25.8824634552002 0 0 0
3 12 E V E 21.3950166702271 23.2079849243164 23.2079849243164 0 0 0
3 13 E H E 26.3885154724121 28.8248519897461 28.8248519897461 0 0 0
3 14 E H E 23.7985935211182 25.8231296539307 26.6958065032959 0 0 0
3 15 E Q E 29.0996971130371 31.5166397094727 31.5166397094727 0 0 0
3 16 E K E 23.611704826355 24.9187450408936 28.7569675445557 0 0 0
3 17 E L E 31.6837186813354 34.1925430297852 34.1925430297852 0 0 0
3 18 E V E 29.1416597366333 31.0332775115967 31.0332775115967 0 0 0
3 19 E F E 33.9125862121582 36.3563423156738 36.3563423156738 0 0 0
3 20 E F E 28.3173503875732 29.529993057251 33.6749382019043 0 0 0
3 21 E A E 35.6960468292236 37.6682357788086 37.6682357788086 0 0 0
3 22 E E E 37.2309246063232 39.5133895874023 39.5133895874023 0 0 0
3 23 E D E 34.5716667175293 36.7578163146973 36.7578163146973 0 0 0
3 24 E V E 30.4996128082275 32.2532501220703 32.2532501220703 0 0 0
3 25 E G E 29.2360858917236 30.3693962097168 30.3693962097168 0 0 0
3 26 E S E 32.1310224533081 34.1467666625977 34.1467666625977 0 0 0
3 27 E N E 29.743260383606 31.0009117126465 32.4182434082031 0 0 0
3 28 E K E 36.0252227783203 38.0195732116699 38.1340637207031 0 0 0
3 29 E G E 37.1424808502197 38.4227905273438 38.4227905273438 0 0 0
3 30 E A E 33.0777740478516 33.7885932922363 33.7885932922363 0 0 0
3 31 E I E 32.6893177032471 34.5901184082031 34.5901184082031 0 0 0
3 32 E I E 27.9191732406616 29.2435474395752 29.2435474395752 0 0 0
3 33 E G E 27.4752187728882 28.9280548095703 28.9280548095703 0 0 0
3 34 E L E 22.5553569793701 23.3323574066162 24.8584804534912 0 0 0
3 35 E M E 23.3550338745117 25.1718368530273 25.6512794494629 0 0 0
3 36 E V E 18.8453950881958 20.0148220062256 20.3963832855225 0 0 0
3 37 E G E 20.4832916259766 21.0291805267334 21.9285507202148 0 0 0
3 38 E G E 23.2343702316284 24.3780002593994 25.4003410339355 0 0 0
3 39 E V E 26.7147569656372 27.8207397460938 29.0451927185059 0 0 0
3 40 E V E 28.9574451446533 29.8774566650391 30.7217559814453 0 0 0
3 41 E I E 31.5580930709839 32.6180152893066 33.793270111084 0 0 0
3 42 E A E 34.8684749603271 36.4344253540039 37.4119300842285 0 0 0
4 1 F D E 7.93026733398438 9.55939388275146 9.55939388275146 0 0 0
4 2 F A E 5.36291801929474 7.00357913970947 7.00357913970947 0 0 0
4 3 F E E 3.19826006889343 5.06166934967041 5.06166934967041 0 0 0
4 4 F F E 0 0 0 0 0 0
4 5 F R E 3.64441251754761 5.9625358581543 5.9625358581543 0 0 0
4 6 F H E 5.37698340415955 6.57959938049316 7.88620662689209 0 0 0
4 7 F D E 8.62847208976746 10.35666847229 10.3585329055786 0 0 0
4 8 F S E 9.37064123153687 9.60628604888916 12.3713121414185 0 0 0
4 9 F G E 13.1820640563965 13.8924007415771 15.5095310211182 0 0 0
4 10 F Y E 16.6273317337036 17.8481903076172 18.9398765563965 0 0 0
4 11 F E E 19.9556570053101 21.0718269348145 22.843542098999 0 0 0
4 12 F V E 16.3468766212463 16.9500370025635 19.4718990325928 0 0 0
4 13 F H E 20.8267011642456 22.0435314178467 24.8952522277832 0 0 0
4 14 F H E 17.2658538818359 17.8954563140869 22.2203674316406 0 0 0
4 15 F Q E 22.1466197967529 23.2225761413574 26.9343357086182 0 0 0
4 16 F K E 15.8342685699463 15.8342685699463 23.9193820953369 0 0 0
4 17 F L E 23.9500322341919 25.1161804199219 29.2746715545654 0 0 0
4 18 F V E 21.2954044342041 21.904296875 26.1286849975586 0 0 0
4 19 F F E 25.9597854614258 27.1211032867432 31.3978519439697 0 0 0
4 20 F F E 20.5103588104248 20.5103588104248 28.9014492034912 0 0 0
4 21 F A E 27.9400396347046 28.73313331604 32.8781471252441 0 0 0
4 22 F E E 29.8192825317383 31.0245475769043 34.9748344421387 0 0 0
4 23 F D E 27.4247598648071 28.6378231048584 32.3965377807617 0 0 0
4 24 F V E 22.9776344299316 23.649377822876 27.6375617980957 0 0 0
4 25 F G E 22.3860168457031 22.3860168457031 26.0588779449463 0 0 0
4 26 F S E 25.4729633331299 26.5613136291504 30.0651702880859 0 0 0
4 27 F N E 23.9823541641235 24.3480587005615 28.8390007019043 0 0 0
4 28 F K E 29.9567794799805 30.9658489227295 34.4097442626953 0 0 0
4 29 F G E 31.8279476165771 32.3300514221191 35.1084060668945 0 0 0
4 30 F A E 27.8283576965332 27.8283576965332 30.5107955932617 0 0 0
4 31 F I E 28.5549955368042 29.9740924835205 32.0114860534668 0 0 0
4 32 F I E 23.8258647918701 24.5042762756348 26.5640144348145 0 0 0
4 33 F G E 24.5749778747559 25.5958309173584 26.9704341888428 0 0 0
4 34 F L E 19.8465614318848 20.3917350769043 22.9772129058838 0 0 0
4 35 F M E 23.1470327377319 24.5697841644287 24.8521842956543 0 0 0
4 36 F V E 19.2888460159302 19.782585144043 19.8460121154785 0 0 0
4 37 F G E 22.0111713409424 22.3523864746094 22.3523864746094 0 0 0
4 38 F G E 25.28697681427 26.0009784698486 26.0009784698486 0 0 0
4 39 F V E 29.0505199432373 29.9498748779297 29.9498748779297 0 0 0
4 40 F V E 30.0800466537476 30.7301788330078 30.7301788330078 0 0 0
4 41 F I E 33.5582675933838 34.4630584716797 34.4630584716797 0 0 0
4 42 F A E 36.3668880462646 37.5830688476562 37.5830688476562 0 0 0
5 1 R D E 8.14257979393005 9.21251106262207 9.21251106262207 0 0 0
5 2 R A E 3.56469225883484 3.56469225883484 3.56469225883484 0 0 0
5 3 R E E 5.45475900173187 7.0785117149353 7.0785117149353 0 0 0
5 4 R F E 3.64441251754761 5.9625358581543 5.9625358581543 0 0 0
5 5 R R E 0 0 0 0 0 0
5 6 R H E 3.43776100873947 5.5414252281189 5.85053873062134 0 0 0
5 7 R D E 3.46380615234375 3.53010821342468 5.01091051101685 0 0 0
5 8 R S E 6.48786854743958 7.40218067169189 9.03641033172607 0 0 0
5 9 R G E 10.0137901306152 10.7149267196655 11.9306592941284 0 0 0
5 10 R Y E 12.1758289337158 12.3978815078735 14.4292764663696 0 0 0
5 11 R E E 16.2059082984924 17.1852169036865 18.9054622650146 0 0 0
5 12 R V E 14.7502779960632 15.870174407959 16.7853527069092 0 0 0
5 13 R H E 19.7844095230103 21.5243167877197 22.3978538513184 0 0 0
5 14 R H E 18.216628074646 19.6583042144775 21.0325317382812 0 0 0
5 15 R Q E 23.5683879852295 25.5575428009033 26.1402931213379 0 0 0
5 16 R K E 19.7962427139282 20.9247188568115 24.3209018707275 0 0 0
5 17 R L E 27.3629026412964 29.6347923278809 29.9124927520752 0 0 0
5 18 R V E 25.8197870254517 27.6224365234375 27.7237739562988 0 0 0
5 19 R F E 30.8560676574707 33.2246551513672 33.259334564209 0 0 0
5 20 R F E 26.2699518203735 27.4007530212402 31.562313079834 0 0 0
5 21 R A E 33.9192447662354 35.9404449462891 35.9404449462891 0 0 0
5 22 R E E 36.2007713317871 38.3885726928711 38.3885726928711 0 0 0
5 23 R D E 34.1264410018921 36.3522491455078 36.3522491455078 0 0 0
5 24 R V E 29.3406190872192 31.0849361419678 31.0849361419678 0 0 0
5 25 R G E 29.1675729751587 30.1472263336182 30.1472263336182 0 0 0
5 26 R S E 32.1929702758789 34.1862182617188 34.1862182617188 0 0 0
5 27 R N E 30.7215490341187 32.1110191345215 33.5951461791992 0 0 0
5 28 R K E 36.7415294647217 38.7126693725586 39.0556182861328 0 0 0
5 29 R G E 38.5972919464111 40.1503448486328 40.1503448486328 0 0 0
5 30 R A E 34.5947093963623 35.6516799926758 35.6516799926758 0 0 0
5 31 R I E 34.9967346191406 37.4740142822266 37.4740142822266 0 0 0
5 32 R I E 30.1395263671875 31.8809680938721 31.8809680938721 0 0 0
5 33 R G E 30.4295387268066 32.5150566101074 32.5150566101074 0 0 0
5 34 R L E 25.4671106338501 26.9181251525879 28.3717746734619 0 0 0
5 35 R M E 27.9268436431885 30.3105411529541 30.3105411529541 0 0 0
5 36 R V E 23.6143026351929 25.0267639160156 25.0267639160156 0 0 0
5 37 R G E 26.2681131362915 27.4122905731201 27.4122905731201 0 0 0
5 38 R G E 29.4078092575073 30.9036636352539 30.9036636352539 0 0 0
5 39 R V E 33.2210826873779 34.9120788574219 34.9120788574219 0 0 0
5 40 R V E 34.6003150939941 36.1484260559082 36.1484260559082 0 0 0
5 41 R I E 37.9444751739502 39.6930732727051 39.6930732727051 0 0 0
5 42 R A E 40.9118213653564 43.0487518310547 43.0487518310547 0 0 0
6 1 H D E 12.5910229682922 14.8103036880493 14.8103036880493 0 0 0
6 2 H A E 8.19453644752502 9.40482616424561 9.40482616424561 0 0 0
6 3 H E E 9.33569669723511 11.5607318878174 11.5607318878174 0 0 0
6 4 H F E 5.37698340415955 6.57959938049316 7.88620662689209 0 0 0
6 5 H R E 3.43776100873947 5.5414252281189 5.85053873062134 0 0 0
6 6 H H E 0 0 0 0 0 0
6 7 H D E 3.36822313070297 5.40044593811035 5.40044593811035 0 0 0
6 8 H S E 2.83033967018127 3.16427135467529 5.29893207550049 0 0 0
6 9 H G E 5.69111680984497 6.70698928833008 7.65919589996338 0 0 0
6 10 H Y E 8.96584677696228 10.6167097091675 11.4565076828003 0 0 0
6 11 H E E 12.1905612945557 13.9626512527466 15.0866107940674 0 0 0
6 12 H V E 8.84218716621399 10.4451580047607 11.7062788009644 0 0 0
6 13 H H E 13.6344332695007 15.9263067245483 17.2811546325684 0 0 0
6 14 H H E 11.6145701408386 13.1712999343872 15.3716373443604 0 0 0
6 15 H Q E 16.8684673309326 19.0384101867676 20.3680191040039 0 0 0
6 16 H K E 13.5563735961914 14.3255386352539 18.5052394866943 0 0 0
6 17 H L E 20.8419399261475 22.9000625610352 24.1223430633545 0 0 0
6 18 H V E 19.6988325119019 21.1498050689697 22.134801864624 0 0 0
6 19 H F E 24.7359018325806 26.7021961212158 27.7237434387207 0 0 0
6 20 H F E 20.9471073150635 21.573694229126 26.3962745666504 0 0 0
6 21 H A E 28.5629558563232 30.1721134185791 30.9493980407715 0 0 0
6 22 H E E 31.3904848098755 33.0039291381836 33.616641998291 0 0 0
6 23 H D E 29.8340082168579 31.5624027252197 32.0283584594727 0 0 0
6 24 H V E 24.6202411651611 25.8501739501953 26.4242630004883 0 0 0
6 25 H G E 25.3129501342773 25.7273406982422 26.071252822876 0 0 0
6 26 H S E 28.453592300415 29.8709583282471 30.1571216583252 0 0 0
6 27 H N E 28.1343641281128 28.8301258087158 30.3570346832275 0 0 0
6 28 H K E 33.6850414276123 34.8199195861816 35.5132484436035 0 0 0
6 29 H G E 36.3875007629395 37.1523895263672 37.1659126281738 0 0 0
6 30 H A E 32.5541496276855 32.8764686584473 32.8764686584473 0 0 0
6 31 H I E 33.9123706817627 35.4638786315918 35.4638786315918 0 0 0
6 32 H I E 29.1165561676025 29.8320045471191 29.8320045471191 0 0 0
6 33 H G E 30.3242816925049 31.2674942016602 31.2674942016602 0 0 0
6 34 H L E 25.3559875488281 25.929723739624 27.2506923675537 0 0 0
6 35 H M E 28.6952352523804 30.220832824707 30.220832824707 0 0 0
6 36 H V E 24.5558614730835 25.2483253479004 25.2483253479004 0 0 0
6 37 H G E 27.724142074585 28.459810256958 28.459810256958 0 0 0
6 38 H G E 30.8931760787964 31.9529857635498 31.9529857635498 0 0 0
6 39 H V E 34.8580760955811 36.2411346435547 36.2411346435547 0 0 0
6 40 H V E 35.7859725952148 36.7262268066406 36.7262268066406 0 0 0
6 41 H I E 39.5264568328857 40.835262298584 40.835262298584 0 0 0
6 42 H A E 42.2317905426025 43.7242088317871 43.7242088317871 0 0 0
7 1 D D E 12.3997731208801 13.5172243118286 13.5172243118286 0 0 0
7 2 D A E 7.65624761581421 7.65624761581421 7.65624761581421 0 0 0
7 3 D E E 10.8723788261414 12.0734720230103 12.0734720230103 0 0 0
7 4 D F E 8.62847208976746 10.35666847229 10.3585329055786 0 0 0
7 5 D R E 3.46380615234375 3.53010821342468 5.01091051101685 0 0 0
7 6 D H E 3.36822313070297 5.40044593811035 5.40044593811035 0 0 0
7 7 D D E 0 0 0 0 0 0
7 8 D S E 3.16606986522675 5.00056552886963 5.50254011154175 0 0 0
7 9 D G E 6.01067614555359 7.85233211517334 7.85233211517334 0 0 0
7 10 D Y E 7.8066668510437 8.85654449462891 9.54392242431641 0 0 0
7 11 D E E 11.9001545906067 13.6620788574219 14.1862096786499 0 0 0
7 12 D V E 11.0350561141968 12.9937200546265 12.9937200546265 0 0 0
7 13 D H E 16.044545173645 18.4263019561768 18.4566764831543 0 0 0
7 14 D H E 15.6336641311646 17.4262523651123 18.0763359069824 0 0 0
7 15 D Q E 20.9368352890015 23.3185386657715 23.3185386657715 0 0 0
7 16 D K E 18.8522796630859 19.941873550415 22.5060253143311 0 0 0
7 17 D L E 25.7258930206299 28.0633125305176 28.0633125305176 0 0 0
7 18 D V E 24.9786825180054 26.7886505126953 26.7886505126953 0 0 0
7 19 D F E 30.0513200759888 32.3391075134277 32.3449974060059 0 0 0
7 20 D F E 26.2580909729004 27.4370059967041 31.4660148620605 0 0 0
7 21 D A E 33.9233846664429 36.0365447998047 36.0365447998047 0 0 0
7 22 D E E 36.638147354126 38.8621520996094 38.8621520996094 0 0 0
7 23 D D E 34.9655418395996 37.3807258605957 37.3807258605957 0 0 0
7 24 D V E 29.8540544509888 31.7111892700195 31.7111892700195 0 0 0
7 25 D G E 30.25084400177 31.4595031738281 31.4595031738281 0 0 0
7 26 D S E 33.300895690918 35.551342010498 35.551342010498 0 0 0
7 27 D N E 32.6152305603027 34.2191696166992 35.7081604003906 0 0 0
7 28 D K E 38.3815612792969 40.4156188964844 40.9039039611816 0 0 0
7 29 D G E 40.8777122497559 42.4884414672852 42.4884414672852 0 0 0
7 30 D A E 36.9857654571533 38.1503562927246 38.1503562927246 0 0 0
7 31 D I E 38.0462970733643 40.533447265625 40.533447265625 0 0 0
7 32 D I E 33.124363899231 34.8876686096191 34.8876686096191 0 0 0
7 33 D G E 34.0190906524658 36.0225105285645 36.0225105285645 0 0 0
7 34 D L E 28.9530448913574 30.516845703125 31.9022102355957 0 0 0
7 35 D M E 32.1046152114868 34.3646049499512 34.3646049499512 0 0 0
7 36 D V E 27.7960243225098 29.1251621246338 29.1251621246338 0 0 0
7 37 D G E 30.7378072738647 31.8386917114258 31.8386917114258 0 0 0
7 38 D G E 33.8549308776855 35.2888946533203 35.2888946533203 0 0 0
7 39 D V E 37.7596416473389 39.4412727355957 39.4412727355957 0 0 0
7 40 D V E 39.0133495330811 40.5066871643066 40.5066871643066 0 0 0
7 41 D I E 42.5816993713379 44.2407646179199 44.2407646179199 0 0 0
7 42 D A E 45.442310333252 47.476921081543 47.476921081543 0 0 0
8 1 S D E 15.6716389656067 16.7765674591064 17.919412612915 0 0 0
8 2 S A E 11.0214071273804 11.1406373977661 12.217601776123 0 0 0
8 3 S E E 13.2268071174622 14.3847217559814 15.6922416687012 0 0 0
8 4 S F E 9.37064123153687 9.60628604888916 12.3713121414185 0 0 0
8 5 S R E 6.48786854743958 7.40218067169189 9.03641033172607 0 0 0
8 6 S H E 2.83033967018127 3.16427135467529 5.29893207550049 0 0 0
8 7 S D E 3.16606986522675 5.00056552886963 5.50254011154175 0 0 0
8 8 S S E 0 0 0 0 0 0
8 9 S G E 3.10619133710861 4.88101768493652 4.88101768493652 0 0 0
8 10 S Y E 5.70658111572266 7.35963249206543 7.35963249206543 0 0 0
8 11 S E E 9.10657548904419 10.7737617492676 10.7737617492676 0 0 0
8 12 S V E 6.92751359939575 8.76412391662598 8.76412391662598 0 0 0
8 13 S H E 11.7135944366455 13.8636293411255 13.8636293411255 0 0 0
8 14 S H E 10.966127872467 12.5994968414307 13.0441236495972 0 0 0
8 15 S Q E 16.2436265945435 18.4406967163086 18.4406967163086 0 0 0
8 16 S K E 14.6540803909302 15.5741109848022 17.8137626647949 0 0 0
8 17 S L E 21.087254524231 23.1869449615479 23.1869449615479 0 0 0
8 18 S V E 20.8670015335083 22.4856853485107 22.4856853485107 0 0 0
8 19 S F E 25.7851972579956 27.7376728057861 27.82590675354 0 0 0
8 20 S F E 22.7858409881592 23.3642482757568 27.6214962005615 0 0 0
8 21 S A E 30.2314300537109 31.7817630767822 32.0330352783203 0 0 0
8 22 S E E 33.3669662475586 34.9503974914551 35.3013648986816 0 0 0
8 23 S D E 32.0717306137085 33.6678771972656 34.1920700073242 0 0 0
8 24 S V E 26.7656307220459 27.8501720428467 28.2957439422607 0 0 0
8 25 S G E 27.7687005996704 28.0048503875732 28.6522464752197 0 0 0
8 26 S S E 30.9385347366333 32.2768325805664 32.906063079834 0 0 0
8 27 S N E 30.9765272140503 31.4251117706299 33.7520866394043 0 0 0
8 28 S K E 36.3894958496094 37.2815780639648 38.5381546020508 0 0 0
8 29 S G E 39.2084217071533 39.7087326049805 40.5658493041992 0 0 0
8 30 S A E 35.5022315979004 35.5022315979004 36.4207000732422 0 0 0
8 31 S I E 37.0410137176514 38.4315795898438 39.4758529663086 0 0 0
8 32 S I E 32.3243179321289 32.9375648498535 33.9906387329102 0 0 0
8 33 S G E 33.6484718322754 34.6011581420898 35.7603950500488 0 0 0
8 34 S L E 28.8644094467163 29.464527130127 31.9319305419922 0 0 0
8 35 S M E 32.5684127807617 33.9005470275879 35.1671409606934 0 0 0
8 36 S V E 28.690544128418 29.0881214141846 30.3654079437256 0 0 0
8 37 S G E 31.907844543457 32.3166542053223 33.6391220092773 0 0 0
8 38 S G E 35.1880493164062 35.8685150146484 37.1726150512695 0 0 0
8 39 S V E 39.1064529418945 40.1030044555664 41.4320869445801 0 0 0
8 40 S V E 39.7594413757324 40.4380836486816 41.749454498291 0 0 0
8 41 S I E 43.6214389801025 44.5969734191895 45.9352607727051 0 0 0
8 42 S A E 46.1684646606445 47.388370513916 48.7073974609375 0 0 0
9 1 G D E 19.3260707855225 21.0508880615234 21.0508880615234 0 0 0
9 2 G A E 14.5793128013611 15.1876010894775 15.1876010894775 0 0 0
9 3 G E E 17.0424509048462 18.6522445678711 18.6522445678711 0 0 0
9 4 G F E 13.1820640563965 13.8924007415771 15.5095310211182 0 0 0
9 5 G R E 10.0137901306152 10.7149267196655 11.9306592941284 0 0 0
9 6 G H E 5.69111680984497 6.70698928833008 7.65919589996338 0 0 0
9 7 G D E 6.01067614555359 7.85233211517334 7.85233211517334 0 0 0
9 8 G S E 3.10619133710861 4.88101768493652 4.88101768493652 0 0 0
9 9 G G E 0 0 0 0 0 0
9 10 G Y E 3.00862771272659 4.68642091751099 4.68642091751099 0 0 0
9 11 G E E 5.94788789749146 7.67468595504761 7.67468595504761 0 0 0
9 12 G V E 4.57281506061554 5.28125953674316 5.28125953674316 0 0 0
9 13 G H E 9.54843139648438 10.871654510498 10.871654510498 0 0 0
9 14 G H E 9.8858437538147 10.5193796157837 11.1894836425781 0 0 0
9 15 G Q E 15.0713305473328 16.1602554321289 16.1602554321289 0 0 0
9 16 G K E 14.5346059799194 14.5346059799194 16.4723491668701 0 0 0
9 17 G L E 20.6756572723389 21.8391647338867 21.8391647338867 0 0 0
9 18 G V E 20.8733205795288 21.57692527771 21.57692527771 0 0 0
9 19 G F E 25.596773147583 26.4519290924072 27.0527992248535 0 0 0
9 20 G F E 23.5485706329346 23.5485706329346 27.1227035522461 0 0 0
9 21 G A E 30.9269504547119 31.9630680084229 31.9630680084229 0 0 0
9 22 G E E 34.0349655151367 35.0459022521973 35.0459022521973 0 0 0
9 23 G D E 33.227165222168 34.4602851867676 34.4602851867676 0 0 0
9 24 G V E 27.8222484588623 28.4312400817871 28.4312400817871 0 0 0
9 25 G G E 29.1882743835449 29.1882743835449 29.1882743835449 0 0 0
9 26 G S E 32.1225347518921 33.0742378234863 33.0742378234863 0 0 0
9 27 G N E 32.592004776001 32.9903526306152 34.4170455932617 0 0 0
9 28 G K E 37.7315425872803 38.3013687133789 39.0380249023438 0 0 0
9 29 G G E 40.8924427032471 41.391716003418 41.391716003418 0 0 0
9 30 G A E 37.4789199829102 37.4789199829102 37.4789199829102 0 0 0
9 31 G I E 39.4424114227295 40.7498168945312 40.7498168945312 0 0 0
9 32 G I E 34.6005725860596 35.1511344909668 35.1511344909668 0 0 0
9 33 G G E 36.2829914093018 37.1923446655273 37.1923446655273 0 0 0
9 34 G L E 31.3799476623535 32.0648231506348 33.2528038024902 0 0 0
9 35 G M E 35.3689289093018 36.7456855773926 36.7456855773926 0 0 0
9 36 G V E 31.3410186767578 31.8499355316162 31.8499355316162 0 0 0
9 37 G G E 34.7353801727295 35.3208160400391 35.3208160400391 0 0 0
9 38 G G E 37.8309764862061 38.6520843505859 38.6520843505859 0 0 0
9 39 G V E 41.8628444671631 43.088996887207 43.088996887207 0 0 0
9 40 G V E 42.638277053833 43.4935607910156 43.4935607910156 0 0 0
9 41 G I E 46.5921745300293 47.7463073730469 47.7463073730469 0 0 0
9 42 G A E 49.0730953216553 50.5264739990234 50.5264739990234 0 0 0
10 1 Y D E 21.6018981933594 22.9912948608398 22.9912948608398 0 0 0
10 2 Y A E 16.8841104507446 17.1706809997559 17.1706809997559 0 0 0
10 3 Y E E 19.9111289978027 21.4808139801025 21.4808139801025 0 0 0
10 4 Y F E 16.6273317337036 17.8481903076172 18.9398765563965 0 0 0
10 5 Y R E 12.1758289337158 12.3978815078735 14.4292764663696 0 0 0
10 6 Y H E 8.96584677696228 10.6167097091675 11.4565076828003 0 0 0
10 7 Y D E 7.8066668510437 8.85654449462891 9.54392242431641 0 0 0
10 8 Y S E 5.70658111572266 7.35963249206543 7.35963249206543 0 0 0
10 9 Y G E 3.00862771272659 4.68642091751099 4.68642091751099 0 0 0
10 10 Y Y E 0 0 0 0 0 0
10 11 Y E E 2.48630636930466 3.63085699081421 4.92374992370605 0 0 0
10 12 Y V E 5.25578665733337 7.0220422744751 7.0220422744751 0 0 0
10 13 Y H E 8.68313670158386 10.9209814071655 10.9209814071655 0 0 0
10 14 Y H E 11.2278990745544 12.9434385299683 13.2038536071777 0 0 0
10 15 Y Q E 15.5695462226868 17.9416828155518 17.9416828155518 0 0 0
10 16 Y K E 16.6968989372253 17.8164405822754 19.4519176483154 0 0 0
10 17 Y L E 22.0252485275269 24.3778553009033 24.3778553009033 0 0 0
10 18 Y V E 23.2009868621826 25.020715713501 25.020715713501 0 0 0
10 19 Y F E 27.4061508178711 29.1458358764648 30.2128009796143 0 0 0
10 20 Y F E 26.3219747543335 27.4918174743652 30.9221706390381 0 0 0
10 21 Y A E 33.4802570343018 35.6398239135742 35.6398239135742 0 0 0
10 22 Y E E 36.765022277832 38.974681854248 38.974681854248 0 0 0
10 23 Y D E 36.1939353942871 38.6184692382812 38.6184692382812 0 0 0
10 24 Y V E 30.7340936660767 32.5253753662109 32.5253753662109 0 0 0
10 25 Y G E 32.335165977478 33.5356101989746 33.5356101989746 0 0 0
10 26 Y S E 35.2968711853027 37.4560241699219 37.4560241699219 0 0 0
10 27 Y N E 35.9563274383545 37.5463066101074 38.9718856811523 0 0 0
10 28 Y K E 40.9393196105957 42.6445846557617 43.4816093444824 0 0 0
10 29 Y G E 44.2172966003418 45.9266700744629 45.9266700744629 0 0 0
10 30 Y A E 40.848352432251 42.0391082763672 42.0391082763672 0 0 0
10 31 Y I E 42.8935031890869 45.3704147338867 45.3704147338867 0 0 0
10 32 Y I E 38.0904083251953 39.7972640991211 39.7972640991211 0 0 0
10 33 Y G E 39.8496360778809 41.8104515075684 41.8104515075684 0 0 0
10 34 Y L E 34.9256076812744 36.650634765625 37.8628120422363 0 0 0
10 35 Y M E 38.9670867919922 41.2330436706543 41.2330436706543 0 0 0
10 36 Y V E 34.8781490325928 36.2434501647949 36.2434501647949 0 0 0
10 37 Y G E 38.2296676635742 39.5477104187012 39.5477104187012 0 0 0
10 38 Y G E 41.3242740631104 42.8934707641602 42.8934707641602 0 0 0
10 39 Y V E 45.3290824890137 47.2837791442871 47.2837791442871 0 0 0
10 40 Y V E 46.1879062652588 47.8847694396973 47.8847694396973 0 0 0
10 41 Y I E 50.1082077026367 52.0190200805664 52.0190200805664 0 0 0
10 42 Y A E 52.6126747131348 54.9211654663086 54.9211654663086 0 0 0
11 1 E D E 25.6415042877197 27.6855564117432 27.6855564117432 0 0 0
11 2 E A E 20.9237575531006 21.838342666626 21.838342666626 0 0 0
11 3 E E E 23.8383121490479 25.8824634552002 25.8824634552002 0 0 0
11 4 E F E 19.9556570053101 21.0718269348145 22.843542098999 0 0 0
11 5 E R E 16.2059082984924 17.1852169036865 18.9054622650146 0 0 0
11 6 E H E 12.1905612945557 13.9626512527466 15.0866107940674 0 0 0
11 7 E D E 11.9001545906067 13.6620788574219 14.1862096786499 0 0 0
11 8 E S E 9.10657548904419 10.7737617492676 10.7737617492676 0 0 0
11 9 E G E 5.94788789749146 7.67468595504761 7.67468595504761 0 0 0
11 10 E Y E 2.48630636930466 3.63085699081421 4.92374992370605 0 0 0
11 11 E E E 0 0 0 0 0 0
11 12 E V E 3.66894590854645 6.00769329071045 6.00769329071045 0 0 0
11 13 E H E 5.47253394126892 7.03934001922607 7.03934001922607 0 0 0
11 14 E H E 9.12257647514343 10.9696455001831 10.9696455001831 0 0 0
11 15 E Q E 12.8639030456543 14.9247426986694 14.9247426986694 0 0 0
11 16 E K E 15.2129664421082 16.5026226043701 17.6923141479492 0 0 0
11 17 E L E 19.653826713562 21.7721214294434 21.9125556945801 0 0 0
11 18 E V E 21.6742696762085 23.625768661499 23.625768661499 0 0 0
11 19 E F E 25.1682662963867 26.6830615997314 28.3494167327881 0 0 0
11 20 E F E 25.638843536377 26.9200553894043 29.9275588989258 0 0 0
11 21 E A E 32.1939640045166 34.500904083252 34.500904083252 0 0 0
11 22 E E E 35.709789276123 38.0862693786621 38.0862693786621 0 0 0
11 23 E D E 35.7958011627197 38.292064666748 38.292064666748 0 0 0
11 24 E V E 30.2960500717163 32.1509704589844 32.1509704589844 0 0 0
11 25 E G E 32.4714841842651 33.7885055541992 33.7885055541992 0 0 0
11 26 E S E 35.4442195892334 37.576602935791 37.576602935791 0 0 0
11 27 E N E 36.822208404541 38.3852958679199 39.7537879943848 0 0 0
11 28 E K E 41.147798538208 42.5829086303711 43.7966117858887 0 0 0
11 29 E G E 44.8772468566895 46.6420631408691 46.6420631408691 0 0 0
11 30 E A E 41.845235824585 43.0423889160156 43.0423889160156 0 0 0
11 31 E I E 44.4150218963623 46.8440017700195 46.8440017700195 0 0 0
11 32 E I E 39.8084697723389 41.4399642944336 41.4399642944336 0 0 0
11 33 E G E 42.0184116363525 43.8943672180176 43.8943672180176 0 0 0
11 34 E L E 37.3109588623047 39.0516815185547 40.1553993225098 0 0 0
11 35 E M E 41.788688659668 43.9872512817383 43.9872512817383 0 0 0
11 36 E V E 37.8211936950684 39.2714958190918 39.2714958190918 0 0 0
11 37 E G E 41.3902721405029 42.8792152404785 42.8792152404785 0 0 0
11 38 E G E 44.4647998809814 46.1958503723145 46.1958503723145 0 0 0
11 39 E V E 48.495189666748 50.6596832275391 50.6596832275391 0 0 0
11 40 E V E 49.1184673309326 50.8681449890137 50.8681449890137 0 0 0
11 41 E I E 53.2030849456787 55.2475509643555 55.2475509643555 0 0 0
11 42 E A E 55.5049266815186 57.8733100891113 57.8733100891113 0 0 0
12 1 V D E 24.1975574493408 25.9869785308838 25.9869785308838 0 0 0
12 2 V A E 19.4810132980347 20.1802539825439 20.1802539825439 0 0 0
12 3 V E E 21.3950166702271 23.2079849243164 23.2079849243164 0 0 0
12 4 V F E 16.3468766212463 16.9500370025635 19.4718990325928 0 0 0
12 5 V R E 14.7502779960632 15.870174407959 16.7853527069092 0 0 0
12 6 V H E 8.84218716621399 10.4451580047607 11.7062788009644 0 0 0
12 7 V D E 11.0350561141968 12.9937200546265 12.9937200546265 0 0 0
12 8 V S E 6.92751359939575 8.76412391662598 8.76412391662598 0 0 0
12 9 V G E 4.57281506061554 5.28125953674316 5.28125953674316 0 0 0
12 10 V Y E 5.25578665733337 7.0220422744751 7.0220422744751 0 0 0
12 11 V E E 3.66894590854645 6.00769329071045 6.00769329071045 0 0 0
12 12 V V E 0 0 0 0 0 0
12 13 V H E 3.56279093027115 5.79295015335083 5.79295015335083 0 0 0
12 14 V H E 4.78792023658752 6.06558847427368 6.5651707649231 0 0 0
12 15 V Q E 9.54696249961853 11.1866846084595 11.1866846084595 0 0 0
12 16 V K E 10.4195795059204 11.1688776016235 12.5941762924194 0 0 0
12 17 V L E 15.7301588058472 17.5097808837891 17.5097808837891 0 0 0
12 18 V V E 16.8438410758972 18.2609424591064 18.2609424591064 0 0 0
12 19 V F E 20.9892282485962 22.2086639404297 23.3940906524658 0 0 0
12 20 V F E 20.4954681396484 21.2300682067871 24.3530921936035 0 0 0
12 21 V A E 27.3399839401245 29.1312942504883 29.1312942504883 0 0 0
12 22 V E E 30.6832733154297 32.4800910949707 32.4800910949707 0 0 0
12 23 V D E 30.5887126922607 32.5346641540527 32.5346641540527 0 0 0
12 24 V V E 25.1105136871338 26.4045181274414 26.4045181274414 0 0 0
12 25 V G E 27.1639623641968 27.9222545623779 27.9222545623779 0 0 0
12 26 V S E 30.0680732727051 31.6466732025146 31.6466732025146 0 0 0
12 27 V N E 31.4595251083374 32.4513244628906 33.806282043457 0 0 0
12 28 V K E 35.7841281890869 36.6805038452148 37.8709411621094 0 0 0
12 29 V G E 39.5019092559814 40.713623046875 40.713623046875 0 0 0
12 30 V A E 36.5132999420166 37.1574554443359 37.1574554443359 0 0 0
12 31 V I E 39.1698398590088 41.0120391845703 41.0120391845703 0 0 0
12 32 V I E 34.6123809814453 35.6345481872559 35.6345481872559 0 0 0
12 33 V G E 36.9914588928223 38.2453155517578 38.2453155517578 0 0 0
12 34 V L E 32.4057741165161 33.5649604797363 34.5980606079102 0 0 0
12 35 V M E 37.1702690124512 38.6909942626953 38.6909942626953 0 0 0
12 36 V V E 33.3919334411621 34.2085227966309 34.2085227966309 0 0 0
12 37 V G E 37.2900352478027 38.0691299438477 38.0691299438477 0 0 0
12 38 V G E 40.4319610595703 41.3340644836426 41.3340644836426 0 0 0
12 39 V V E 44.4303779602051 45.8420791625977 45.8420791625977 0 0 0
12 40 V V E 44.5883388519287 45.709228515625 45.709228515625 0 0 0
12 41 V I E 48.8758239746094 50.2722816467285 50.2722816467285 0 0 0
12 42 V A E 50.8942012786865 52.6693267822266 52.6693267822266 0 0 0
13 1 H D E 29.2877864837646 31.5615348815918 31.5615348815918 0 0 0
13 2 H A E 24.5671653747559 25.7590522766113 25.7590522766113 0 0 0
13 3 H E E 26.3885154724121 28.8248519897461 28.8248519897461 0 0 0
13 4 H F E 20.8267011642456 22.0435314178467 24.8952522277832 0 0 0
13 5 H R E 19.7844095230103 21.5243167877197 22.3978538513184 0 0 0
13 6 H H E 13.6344332695007 15.9263067245483 17.2811546325684 0 0 0
13 7 H D E 16.044545173645 18.4263019561768 18.4566764831543 0 0 0
13 8 H S E 11.7135944366455 13.8636293411255 13.8636293411255 0 0 0
13 9 H G E 9.54843139648438 10.871654510498 10.871654510498 0 0 0
13 10 H Y E 8.68313670158386 10.9209814071655 10.9209814071655 0 0 0
13 11 H E E 5.47253394126892 7.03934001922607 7.03934001922607 0 0 0
13 12 H V E 3.56279093027115 5.79295015335083 5.79295015335083 0 0 0
13 13 H H E 0 0 0 0 0 0
13 14 H H E 3.46964234113693 5.61451578140259 5.61451578140259 0 0 0
13 15 H Q E 5.93488144874573 7.1189866065979 8.09958934783936 0 0 0
13 16 H K E 9.46972274780273 10.7123146057129 11.9112777709961 0 0 0
13 17 H L E 12.5517206192017 14.0302228927612 15.3310346603394 0 0 0
13 18 H V E 15.895444393158 17.3856182098389 17.9058513641357 0 0 0
13 19 H F E 18.1220426559448 19.018669128418 22.1018695831299 0 0 0
13 20 H F E 20.5516338348389 21.7078342437744 24.412130355835 0 0 0
13 21 H A E 26.3812599182129 28.2331886291504 28.8032817840576 0 0 0
13 22 H E E 29.9156713485718 31.8018474578857 32.5150260925293 0 0 0
13 23 H D E 30.7712297439575 32.9548263549805 33.3138999938965 0 0 0
13 24 H V E 25.4053430557251 26.9604473114014 27.2609634399414 0 0 0
13 25 H G E 28.1369123458862 29.4693908691406 29.5832271575928 0 0 0
13 26 H S E 30.9726047515869 32.8607444763184 33.0928916931152 0 0 0
13 27 H N E 33.2927436828613 34.7724151611328 36.0337028503418 0 0 0
13 28 H K E 36.4724445343018 37.4554595947266 39.428524017334 0 0 0
13 29 H G E 40.8951873779297 42.6159896850586 42.717155456543 0 0 0
13 30 H A E 38.3567657470703 39.5549354553223 39.5549354553223 0 0 0
13 31 H I E 41.5422172546387 43.9108924865723 43.9108924865723 0 0 0
13 32 H I E 37.2745189666748 38.8422737121582 38.8422737121582 0 0 0
13 33 H G E 40.0946044921875 41.8901329040527 41.8901329040527 0 0 0
13 34 H L E 35.84694480896 37.6481513977051 38.5539703369141 0 0 0
13 35 H M E 40.9120712280273 43.042781829834 43.042781829834 0 0 0
13 36 H V E 37.3570823669434 38.911190032959 38.911190032959 0 0 0
13 37 H G E 41.3910293579102 42.9814643859863 42.9814643859863 0 0 0
13 38 H G E 44.5244102478027 46.202262878418 46.202262878418 0 0 0
13 39 H V E 48.5082683563232 50.7184028625488 50.7184028625488 0 0 0
13 40 H V E 48.4231700897217 50.1932945251465 50.1932945251465 0 0 0
13 41 H I E 52.8305931091309 54.9536056518555 54.9536056518555 0 0 0
13 42 H A E 54.6182842254639 57.0502243041992 57.0502243041992 0 0 0
14 1 H D E 27.5924472808838 29.2920608520508 30.0559711456299 0 0 0
14 2 H A E 23.1367216110229 23.7929782867432 24.5440559387207 0 0 0
14 3 H E E 23.7985935211182 25.8231296539307 26.6958065032959 0 0 0
14 4 H F E 17.2658538818359 17.8954563140869 22.2203674316406 0 0 0
14 5 H R E 18.216628074646 19.6583042144775 21.0325317382812 0 0 0
14 6 H H E 11.6145701408386 13.1712999343872 15.3716373443604 0 0 0
14 7 H D E 15.6336641311646 17.4262523651123 18.0763359069824 0 0 0
14 8 H S E 10.966127872467 12.5994968414307 13.0441236495972 0 0 0
14 9 H G E 9.8858437538147 10.5193796157837 11.1894836425781 0 0 0
14 10 H Y E 11.2278990745544 12.9434385299683 13.2038536071777 0 0 0
14 11 H E E 9.12257647514343 10.9696455001831 10.9696455001831 0 0 0
14 12 H V E 4.78792023658752 6.06558847427368 6.5651707649231 0 0 0
14 13 H H E 3.46964234113693 5.61451578140259 5.61451578140259 0 0 0
14 14 H H E 0 0 0 0 0 0
14 15 H Q E 3.39237141609192 5.45689678192139 5.45689678192139 0 0 0
14 16 H K E 4.95910334587097 5.46212339401245 6.85728454589844 0 0 0
14 17 H L E 9.66781330108643 11.2201662063599 11.2201662063599 0 0 0
14 18 H V E 11.2755780220032 12.5353593826294 12.8610191345215 0 0 0
14 19 H F E 15.0891218185425 16.0586166381836 17.4135074615479 0 0 0
14 20 H F E 15.4672417640686 16.0788269042969 19.2862930297852 0 0 0
14 21 H A E 21.8363695144653 23.4569301605225 23.6425628662109 0 0 0
14 22 H E E 25.3244943618774 27.0340156555176 27.4215393066406 0 0 0
14 23 H D E 25.6597576141357 27.4681797027588 27.9461307525635 0 0 0
14 24 H V E 20.2478771209717 21.3580799102783 21.8597927093506 0 0 0
14 25 H G E 22.6607789993286 23.4805965423584 24.1315422058105 0 0 0
14 26 H S E 25.5313768386841 27.0973987579346 27.8002700805664 0 0 0
14 27 H N E 27.5387163162231 28.6306228637695 30.7092781066895 0 0 0
14 28 H K E 31.1887664794922 31.9194774627686 34.0668716430664 0 0 0
14 29 H G E 35.2769451141357 36.6003341674805 37.3227005004883 0 0 0
14 30 H A E 32.6628684997559 33.3952178955078 34.1592407226562 0 0 0
14 31 H I E 35.8479995727539 37.7719802856445 38.6239433288574 0 0 0
14 32 H I E 31.5975036621094 32.7675361633301 33.7102737426758 0 0 0
14 33 H G E 34.5026569366455 35.9200439453125 36.908088684082 0 0 0
14 34 H L E 30.3488178253174 31.8951072692871 33.8093643188477 0 0 0
14 35 H M E 35.5075492858887 37.4242744445801 38.5241203308105 0 0 0
14 36 H V E 32.2642459869385 33.6092071533203 34.775520324707 0 0 0
14 37 H G E 36.509126663208 37.8514633178711 39.0159187316895 0 0 0
14 38 H G E 39.6435165405273 41.0487022399902 42.2499198913574 0 0 0
14 39 H V E 43.5529003143311 45.5256042480469 46.7004280090332 0 0 0
14 40 H V E 43.079137802124 44.6327323913574 45.7309303283691 0 0 0
14 41 H I E 47.6354122161865 49.5352020263672 50.6562156677246 0 0 0
14 42 H A E 49.1764011383057 51.3941535949707 52.4645957946777 0 0 0
15 1 Q D E 32.9931259155273 35.133228302002 35.133228302002 0 0 0
15 2 Q A E 28.5271987915039 29.6875171661377 29.6875171661377 0 0 0
15 3 Q E E 29.0996971130371 31.5166397094727 31.5166397094727 0 0 0
15 4 Q F E 22.1466197967529 23.2225761413574 26.9343357086182 0 0 0
15 5 Q R E 23.5683879852295 25.5575428009033 26.1402931213379 0 0 0
15 6 Q H E 16.8684673309326 19.0384101867676 20.3680191040039 0 0 0
15 7 Q D E 20.9368352890015 23.3185386657715 23.3185386657715 0 0 0
15 8 Q S E 16.2436265945435 18.4406967163086 18.4406967163086 0 0 0
15 9 Q G E 15.0713305473328 16.1602554321289 16.1602554321289 0 0 0
15 10 Q Y E 15.5695462226868 17.9416828155518 17.9416828155518 0 0 0
15 11 Q E E 12.8639030456543 14.9247426986694 14.9247426986694 0 0 0
15 12 Q V E 9.54696249961853 11.1866846084595 11.1866846084595 0 0 0
15 13 Q H E 5.93488144874573 7.1189866065979 8.09958934783936 0 0 0
15 14 Q H E 3.39237141609192 5.45689678192139 5.45689678192139 0 0 0
15 15 Q Q E 0 0 0 0 0 0
15 16 Q K E 3.48357486724854 5.63821840286255 5.63821840286255 0 0 0
15 17 Q L E 5.66271066665649 6.80130100250244 7.42480134963989 0 0 0
15 18 Q V E 9.30716109275818 10.8743209838867 10.8743209838867 0 0 0
15 19 Q F E 11.1717195510864 11.7728252410889 14.3356456756592 0 0 0
15 20 Q F E 14.4343929290771 15.7644662857056 17.3269424438477 0 0 0
15 21 Q A E 19.5675058364868 21.4365062713623 21.464427947998 0 0 0
15 22 Q E E 23.0891981124878 24.9520606994629 25.1891460418701 0 0 0
15 23 Q D E 24.4838542938232 26.6019325256348 26.6019325256348 0 0 0
15 24 Q V E 19.3393201828003 20.8297748565674 20.8297748565674 0 0 0
15 25 Q G E 22.4627027511597 23.8781585693359 23.8781585693359 0 0 0
15 26 Q S E 25.1794366836548 26.9279880523682 26.9279880523682 0 0 0
15 27 Q N E 28.2336540222168 29.5615787506104 30.6569957733154 0 0 0
15 28 Q K E 30.2517671585083 31.1922130584717 33.2395286560059 0 0 0
15 29 Q G E 35.279260635376 36.9465484619141 36.9465484619141 0 0 0
15 30 Q A E 33.2324657440186 34.3467750549316 34.3467750549316 0 0 0
15 31 Q I E 37.0174541473389 39.2164916992188 39.2164916992188 0 0 0
15 32 Q I E 33.048300743103 34.6740188598633 34.6740188598633 0 0 0
15 33 Q G E 36.6588973999023 38.3097915649414 38.3097915649414 0 0 0
15 34 Q L E 33.0699195861816 34.9187316894531 35.5589637756348 0 0 0
15 35 Q M E 38.4088535308838 40.652271270752 40.652271270752 0 0 0
15 36 Q V E 35.7255058288574 37.3525581359863 37.3525581359863 0 0 0
15 37 Q G E 40.1995372772217 41.8062400817871 41.8062400817871 0 0 0
15 38 Q G E 43.3130264282227 44.8300704956055 44.8300704956055 0 0 0
15 39 Q V E 47.0906047821045 49.2807350158691 49.2807350158691 0 0 0
15 40 Q V E 46.0864887237549 47.9158134460449 47.9158134460449 0 0 0
15 41 Q I E 50.7987937927246 53.0102500915527 53.0102500915527 0 0 0
15 42 Q A E 51.9606513977051 54.4618339538574 54.4618339538574 0 0 0
16 1 K D E 28.2896766662598 29.1631736755371 32.829216003418 0 0 0
16 2 K A E 24.2664632797241 24.4688892364502 27.828706741333 0 0 0
16 3 K E E 23.611704826355 24.9187450408936 28.7569675445557 0 0 0
16 4 K F E 15.8342685699463 15.8342685699463 23.9193820953369 0 0 0
16 5 K R E 19.7962427139282 20.9247188568115 24.3209018707275 0 0 0
16 6 K H E 13.5563735961914 14.3255386352539 18.5052394866943 0 0 0
16 7 K D E 18.8522796630859 19.941873550415 22.5060253143311 0 0 0
16 8 K S E 14.6540803909302 15.5741109848022 17.8137626647949 0 0 0
16 9 K G E 14.5346059799194 14.5346059799194 16.4723491668701 0 0 0
16 10 K Y E 16.6968989372253 17.8164405822754 19.4519176483154 0 0 0
16 11 K E E 15.2129664421082 16.5026226043701 17.6923141479492 0 0 0
16 12 K V E 10.4195795059204 11.1688776016235 12.5941762924194 0 0 0
16 13 K H E 9.46972274780273 10.7123146057129 11.9112777709961 0 0 0
16 14 K H E 4.95910334587097 5.46212339401245 6.85728454589844 0 0 0
16 15 K Q E 3.48357486724854 5.63821840286255 5.63821840286255 0 0 0
16 16 K K E 0 0 0 0 0 0
16 17 K L E 3.50875419378281 5.68612670898438 5.68612670898438 0 0 0
16 18 K V E 5.11173343658447 6.03508377075195 6.03508377075195 0 0 0
16 19 K F E 8.70033311843872 10.057765007019 10.8002767562866 0 0 0
16 20 K F E 8.86534690856934 8.86534690856934 12.535740852356 0 0 0
16 21 K A E 15.5080418586731 16.7450275421143 16.975564956665 0 0 0
16 22 K E E 19.0472822189331 20.3400402069092 20.6444835662842 0 0 0
16 23 K D E 18.994065284729 20.2164192199707 21.4942111968994 0 0 0
16 24 K V E 13.4941759109497 14.074743270874 15.5358467102051 0 0 0
16 25 K G E 15.8657913208008 16.0087776184082 18.3558692932129 0 0 0
16 26 K S E 18.9295501708984 19.8425025939941 21.655689239502 0 0 0
16 27 K N E 21.0688238143921 21.321605682373 25.1766548156738 0 0 0
16 28 K K E 24.6698894500732 24.763427734375 27.9443016052246 0 0 0
16 29 K G E 28.626184463501 29.1858348846436 31.5147361755371 0 0 0
16 30 K A E 26.0121669769287 26.0121669769287 28.791109085083 0 0 0
16 31 K I E 29.416485786438 30.5756855010986 33.6568260192871 0 0 0
16 32 K I E 25.3356485366821 25.8479042053223 29.17946434021 0 0 0
16 33 K G E 28.6990337371826 29.2902526855469 32.8723754882812 0 0 0
16 34 K L E 25.112940788269 25.875545501709 30.2999382019043 0 0 0
16 35 K M E 30.454779624939 31.6261005401611 35.512279510498 0 0 0
16 36 K V E 27.9281311035156 28.5592727661133 32.5511436462402 0 0 0
16 37 K G E 32.4252195358276 33.0394096374512 37.0858917236328 0 0 0
16 38 K G E 35.6276683807373 36.1522827148438 40.0905838012695 0 0 0
16 39 K V E 39.3199577331543 40.4798011779785 44.448558807373 0 0 0
16 40 K V E 38.121280670166 38.8666305541992 42.7636947631836 0 0 0
16 41 K I E 42.847448348999 44.0054626464844 47.9450912475586 0 0 0
16 42 K A E 43.9956169128418 45.3741989135742 49.1959457397461 0 0 0
17 1 L D E 36.2164573669434 38.314022064209 38.314022064209 0 0 0
17 2 L A E 32.0924835205078 33.3982620239258 33.3982620239258 0 0 0
17 3 L E E 31.6837186813354 34.1925430297852 34.1925430297852 0 0 0
17 4 L F E 23.9500322341919 25.1161804199219 29.2746715545654 0 0 0
17 5 L R E 27.3629026412964 29.6347923278809 29.9124927520752 0 0 0
17 6 L H E 20.8419399261475 22.9000625610352 24.1223430633545 0 0 0
17 7 L D E 25.7258930206299 28.0633125305176 28.0633125305176 0 0 0
17 8 L S E 21.087254524231 23.1869449615479 23.1869449615479 0 0 0
17 9 L G E 20.6756572723389 21.8391647338867 21.8391647338867 0 0 0
17 10 L Y E 22.0252485275269 24.3778553009033 24.3778553009033 0 0 0
17 11 L E E 19.653826713562 21.7721214294434 21.9125556945801 0 0 0
17 12 L V E 15.7301588058472 17.5097808837891 17.5097808837891 0 0 0
17 13 L H E 12.5517206192017 14.0302228927612 15.3310346603394 0 0 0
17 14 L H E 9.66781330108643 11.2201662063599 11.2201662063599 0 0 0
17 15 L Q E 5.66271066665649 6.80130100250244 7.42480134963989 0 0 0
17 16 L K E 3.50875419378281 5.68612670898438 5.68612670898438 0 0 0
17 17 L L E 0 0 0 0 0 0
17 18 L V E 3.59092980623245 5.8505334854126 5.8505334854126 0 0 0
17 19 L F E 4.55369591712952 4.90109014511108 7.10422706604004 0 0 0
17 20 L F E 9.1375720500946 10.9383001327515 11.2959794998169 0 0 0
17 21 L A E 12.7336120605469 14.5569200515747 14.5569200515747 0 0 0
17 22 L E E 16.4061050415039 18.2859630584717 18.569694519043 0 0 0
17 23 L D E 18.337869644165 20.4815807342529 20.4815807342529 0 0 0
17 24 L V E 13.634786605835 15.2669887542725 15.2669887542725 0 0 0
17 25 L G E 17.2961363792419 19.0453014373779 19.0453014373779 0 0 0
17 26 L S E 19.8709001541138 21.6709213256836 21.6709213256836 0 0 0
17 27 L N E 23.4311218261719 25.1541900634766 26.0577926635742 0 0 0
17 28 L K E 24.2743949890137 25.252046585083 27.6737899780273 0 0 0
17 29 L G E 29.8824977874756 31.6861801147461 31.6861801147461 0 0 0
17 30 L A E 28.3737907409668 29.6674518585205 29.6674518585205 0 0 0
17 31 L I E 32.5202474594116 34.9728012084961 34.9728012084961 0 0 0
17 32 L I E 29.2091131210327 31.1795864105225 31.1795864105225 0 0 0
17 33 L G E 33.424129486084 35.2674942016602 35.2674942016602 0 0 0
17 34 L L E 30.852237701416 32.8973960876465 33.2738456726074 0 0 0
17 35 L M E 36.2686157226562 38.763053894043 38.763053894043 0 0 0
17 36 L V E 34.5336017608643 36.4298858642578 36.4298858642578 0 0 0
17 37 L G E 39.1850776672363 41.0635566711426 41.0635566711426 0 0 0
17 38 L G E 42.2466850280762 43.909912109375 43.909912109375 0 0 0
17 39 L V E 45.7371864318848 48.1407089233398 48.1407089233398 0 0 0
17 40 L V E 43.89772605896 45.9287300109863 45.9287300109863 0 0 0
17 41 L I E 48.7668857574463 51.2502021789551 51.2502021789551 0 0 0
17 42 L A E 49.3444271087646 52.0319595336914 52.0319595336914 0 0 0
18 1 V D E 34.0233840942383 35.5256309509277 35.5256309509277 0 0 0
18 2 V A E 30.117280960083 31.0864677429199 31.0864677429199 0 0 0
18 3 V E E 29.1416597366333 31.0332775115967 31.0332775115967 0 0 0
18 4 V F E 21.2954044342041 21.904296875 26.1286849975586 0 0 0
18 5 V R E 25.8197870254517 27.6224365234375 27.7237739562988 0 0 0
18 6 V H E 19.6988325119019 21.1498050689697 22.134801864624 0 0 0
18 7 V D E 24.9786825180054 26.7886505126953 26.7886505126953 0 0 0
18 8 V S E 20.8670015335083 22.4856853485107 22.4856853485107 0 0 0
18 9 V G E 20.8733205795288 21.57692527771 21.57692527771 0 0 0
18 10 V Y E 23.2009868621826 25.020715713501 25.020715713501 0 0 0
18 11 V E E 21.6742696762085 23.625768661499 23.625768661499 0 0 0
18 12 V V E 16.8438410758972 18.2609424591064 18.2609424591064 0 0 0
18 13 V H E 15.895444393158 17.3856182098389 17.9058513641357 0 0 0
18 14 V H E 11.2755780220032 12.5353593826294 12.8610191345215 0 0 0
18 15 V Q E 9.30716109275818 10.8743209838867 10.8743209838867 0 0 0
18 16 V K E 5.11173343658447 6.03508377075195 6.03508377075195 0 0 0
18 17 V L E 3.59092980623245 5.8505334854126 5.8505334854126 0 0 0
18 18 V V E 0 0 0 0 0 0
18 19 V F E 3.57923924922943 5.8312873840332 5.8312873840332 0 0 0
18 20 V F E 4.25203418731689 5.36109113693237 6.53968906402588 0 0 0
18 21 V A E 9.42134094238281 11.1532707214355 11.1532707214355 0 0 0
18 22 V E E 12.835823059082 14.5962152481079 14.6159219741821 0 0 0
18 23 V D E 13.9071097373962 15.7308158874512 15.7308158874512 0 0 0
18 24 V V E 8.9691321849823 10.0363893508911 10.0363893508911 0 0 0
18 25 V G E 12.3027005195618 13.4836874008179 13.4836874008179 0 0 0
18 26 V S E 14.8982605934143 16.2671146392822 16.2671146392822 0 0 0
18 27 V N E 18.2791242599487 19.4471397399902 20.3963260650635 0 0 0
18 28 V K E 19.7377681732178 20.4183578491211 22.4713363647461 0 0 0
18 29 V G E 24.9688234329224 26.3174896240234 26.3174896240234 0 0 0
18 30 V A E 23.3541469573975 24.086145401001 24.086145401001 0 0 0
18 31 V I E 27.4313669204712 29.2848358154297 29.2848358154297 0 0 0
18 32 V I E 24.0991764068604 25.3782176971436 25.3782176971436 0 0 0
18 33 V G E 28.3101272583008 29.4793834686279 29.4793834686279 0 0 0
18 34 V L E 25.913104057312 27.2217979431152 27.5362091064453 0 0 0
18 35 V M E 31.3134307861328 33.0826797485352 33.0826797485352 0 0 0
18 36 V V E 29.8404951095581 30.9884414672852 30.9884414672852 0 0 0
18 37 V G E 34.531042098999 35.6576538085938 35.6576538085938 0 0 0
18 38 V G E 37.4976825714111 38.3940200805664 38.3940200805664 0 0 0
18 39 V V E 40.8859558105469 42.5645179748535 42.5645179748535 0 0 0
18 40 V V E 38.9033813476562 40.2155227661133 40.2155227661133 0 0 0
18 41 V I E 43.7971935272217 45.557861328125 45.557861328125 0 0 0
18 42 V A E 44.2502002716064 46.2603912353516 46.2603912353516 0 0 0
19 1 F D E 38.8600292205811 40.8649024963379 40.8649024963379 0 0 0
19 2 F A E 35.0331058502197 36.5748405456543 36.5748405456543 0 0 0
19 3 F E E 33.9125862121582 36.3563423156738 36.3563423156738 0 0 0
19 4 F F E 25.9597854614258 27.1211032867432 31.3978519439697 0 0 0
19 5 F R E 30.8560676574707 33.2246551513672 33.259334564209 0 0 0
19 6 F H E 24.7359018325806 26.7021961212158 27.7237434387207 0 0 0
19 7 F D E 30.0513200759888 32.3391075134277 32.3449974060059 0 0 0
19 8 F S E 25.7851972579956 27.7376728057861 27.82590675354 0 0 0
19 9 F G E 25.596773147583 26.4519290924072 27.0527992248535 0 0 0
19 10 F Y E 27.4061508178711 29.1458358764648 30.2128009796143 0 0 0
19 11 F E E 25.1682662963867 26.6830615997314 28.3494167327881 0 0 0
19 12 F V E 20.9892282485962 22.2086639404297 23.3940906524658 0 0 0
19 13 F H E 18.1220426559448 19.018669128418 22.1018695831299 0 0 0
19 14 F H E 15.0891218185425 16.0586166381836 17.4135074615479 0 0 0
19 15 F Q E 11.1717195510864 11.7728252410889 14.3356456756592 0 0 0
19 16 F K E 8.70033311843872 10.057765007019 10.8002767562866 0 0 0
19 17 F L E 4.55369591712952 4.90109014511108 7.10422706604004 0 0 0
19 18 F V E 3.57923924922943 5.8312873840332 5.8312873840332 0 0 0
19 19 F F E 0 0 0 0 0 0
19 20 F F E 3.62266159057617 5.91809272766113 5.91809272766113 0 0 0
19 21 F A E 6.00365090370178 7.67674160003662 7.67674160003662 0 0 0
19 22 F E E 9.69010877609253 11.4729890823364 11.7585153579712 0 0 0
19 23 F D E 12.1526689529419 14.1650619506836 14.1650619506836 0 0 0
19 24 F V E 8.10939598083496 10.0545167922974 10.0545167922974 0 0 0
19 25 F G E 12.4081292152405 14.3879795074463 14.3879795074463 0 0 0
19 26 F S E 14.4956121444702 16.1350574493408 16.1930522918701 0 0 0
19 27 F N E 18.4692821502686 20.4864978790283 21.1209259033203 0 0 0
19 28 F K E 17.8909111022949 18.8193130493164 21.6706981658936 0 0 0
19 29 F G E 24.1125240325928 25.9112567901611 25.9112567901611 0 0 0
19 30 F A E 23.2417106628418 24.5679607391357 24.5679607391357 0 0 0
19 31 F I E 27.6103553771973 30.1420555114746 30.1420555114746 0 0 0
19 32 F I E 25.0983247756958 27.2035636901855 27.2035636901855 0 0 0
19 33 F G E 29.6489868164062 31.6126918792725 31.6126918792725 0 0 0
19 34 F L E 28.2936086654663 30.3460006713867 30.4272842407227 0 0 0
19 35 F M E 33.5730400085449 36.120304107666 36.120304107666 0 0 0
19 36 F V E 32.8180170059204 34.8021240234375 34.8021240234375 0 0 0
19 37 F G E 37.4918727874756 39.4659690856934 39.4659690856934 0 0 0
19 38 F G E 40.3707180023193 42.0202751159668 42.0202751159668 0 0 0
19 39 F V E 43.5085105895996 45.9572143554688 45.9572143554688 0 0 0
19 40 F V E 40.947961807251 43.0075302124023 43.0075302124023 0 0 0
19 41 F I E 45.8746166229248 48.4368515014648 48.4368515014648 0 0 0
19 42 F A E 45.8572330474854 48.579761505127 48.579761505127 0 0 0
20 1 F D E 33.4736385345459 34.2551231384277 38.4515609741211 0 0 0
20 2 F A E 29.935019493103 30.4932270050049 34.6834754943848 0 0 0
20 3 F E E 28.3173503875732 29.529993057251 33.6749382019043 0 0 0
20 4 F F E 20.5103588104248 20.5103588104248 28.9014492034912 0 0 0
20 5 F R E 26.2699518203735 27.4007530212402 31.562313079834 0 0 0
20 6 F H E 20.9471073150635 21.573694229126 26.3962745666504 0 0 0
20 7 F D E 26.2580909729004 27.4370059967041 31.4660148620605 0 0 0
20 8 F S E 22.7858409881592 23.3642482757568 27.6214962005615 0 0 0
20 9 F G E 23.5485706329346 23.5485706329346 27.1227035522461 0 0 0
20 10 F Y E 26.3219747543335 27.4918174743652 30.9221706390381 0 0 0
20 11 F E E 25.638843536377 26.9200553894043 29.9275588989258 0 0 0
20 12 F V E 20.4954681396484 21.2300682067871 24.3530921936035 0 0 0
20 13 F H E 20.5516338348389 21.7078342437744 24.412130355835 0 0 0
20 14 F H E 15.4672417640686 16.0788269042969 19.2862930297852 0 0 0
20 15 F Q E 14.4343929290771 15.7644662857056 17.3269424438477 0 0 0
20 16 F K E 8.86534690856934 8.86534690856934 12.535740852356 0 0 0
20 17 F L E 9.1375720500946 10.9383001327515 11.2959794998169 0 0 0
20 18 F V E 4.25203418731689 5.36109113693237 6.53968906402588 0 0 0
20 19 F F E 3.62266159057617 5.91809272766113 5.91809272766113 0 0 0
20 20 F F E 0 0 0 0 0 0
20 21 F A E 3.47015845775604 5.60948753356934 5.60948753356934 0 0 0
20 22 F E E 6.32302713394165 8.16064071655273 8.16064071655273 0 0 0
20 23 F D E 8.22070693969727 9.42706966400146 9.42706966400146 0 0 0
20 24 F V E 3.97693419456482 4.47637367248535 4.65897941589355 0 0 0
20 25 F G E 7.33976912498474 8.2285270690918 8.8671407699585 0 0 0
20 26 F S E 9.61764192581177 10.5245170593262 10.5245170593262 0 0 0
20 27 F N E 13.2849702835083 14.2998886108398 15.3804016113281 0 0 0
20 28 F K E 13.8236217498779 14.0779514312744 16.4260559082031 0 0 0
20 29 F G E 19.651647567749 20.5593738555908 20.5593738555908 0 0 0
20 30 F A E 18.3914556503296 18.8519821166992 19.0223407745361 0 0 0
20 31 F I E 22.4638776779175 24.058967590332 24.5069313049316 0 0 0
20 32 F I E 19.2500734329224 20.3051128387451 21.4721298217773 0 0 0
20 33 F G E 23.5303163528442 24.4757862091064 25.9265556335449 0 0 0
20 34 F L E 21.6039037704468 22.6674861907959 24.8496856689453 0 0 0
20 35 F M E 26.9472103118896 28.4991550445557 30.5763111114502 0 0 0
20 36 F V E 25.9835386276245 26.9585247039795 29.579345703125 0 0 0
20 37 F G E 30.6629781723022 31.6101760864258 34.2298965454102 0 0 0
20 38 F G E 33.5698127746582 34.269775390625 36.5967330932617 0 0 0
20 39 F V E 36.7601699829102 38.2491760253906 40.4482345581055 0 0 0
20 40 F V E 34.4304027557373 35.512809753418 37.3779716491699 0 0 0
20 41 F I E 39.3556346893311 40.9132766723633 42.8043556213379 0 0 0
20 42 F A E 39.5899543762207 41.3627243041992 42.8678512573242 0 0 0
21 1 A D E 40.8869514465332 42.4043960571289 42.4043960571289 0 0 0
21 2 A A E 37.5083198547363 38.9379997253418 38.9379997253418 0 0 0
21 3 A E E 35.6960468292236 37.6682357788086 37.6682357788086 0 0 0
21 4 A F E 27.9400396347046 28.73313331604 32.8781471252441 0 0 0
21 5 A R E 33.9192447662354 35.9404449462891 35.9404449462891 0 0 0
21 6 A H E 28.5629558563232 30.1721134185791 30.9493980407715 0 0 0
21 7 A D E 33.9233846664429 36.0365447998047 36.0365447998047 0 0 0
21 8 A S E 30.2314300537109 31.7817630767822 32.0330352783203 0 0 0
21 9 A G E 30.9269504547119 31.9630680084229 31.9630680084229 0 0 0
21 10 A Y E 33.4802570343018 35.6398239135742 35.6398239135742 0 0 0
21 11 A E E 32.1939640045166 34.500904083252 34.500904083252 0 0 0
21 12 A V E 27.3399839401245 29.1312942504883 29.1312942504883 0 0 0
21 13 A H E 26.3812599182129 28.2331886291504 28.8032817840576 0 0 0
21 14 A H E 21.8363695144653 23.4569301605225 23.6425628662109 0 0 0
21 15 A Q E 19.5675058364868 21.4365062713623 21.464427947998 0 0 0
21 16 A K E 15.5080418586731 16.7450275421143 16.975564956665 0 0 0
21 17 A L E 12.7336120605469 14.5569200515747 14.5569200515747 0 0 0
21 18 A V E 9.42134094238281 11.1532707214355 11.1532707214355 0 0 0
21 19 A F E 6.00365090370178 7.67674160003662 7.67674160003662 0 0 0
21 20 A F E 3.47015845775604 5.60948753356934 5.60948753356934 0 0 0
21 21 A A E 0 0 0 0 0 0
21 22 A E E 3.24719995260239 5.17448902130127 5.17448902130127 0 0 0
21 23 A D E 5.46941757202148 7.23617076873779 7.23617076873779 0 0 0
21 24 A V E 4.48539006710052 6.15347099304199 6.15347099304199 0 0 0
21 25 A G E 8.15927791595459 9.99219989776611 9.99219989776611 0 0 0
21 26 A S E 8.90927624702454 10.0607290267944 10.6431646347046 0 0 0
21 27 A N E 13.140661239624 15.3607206344604 15.6418104171753 0 0 0
21 28 A K E 11.2019190788269 12.0567970275879 14.9136047363281 0 0 0
21 29 A G E 17.6916532516479 19.1791324615479 19.1791324615479 0 0 0
21 30 A A E 17.5836992263794 18.5407199859619 18.5407199859619 0 0 0
21 31 A I E 22.0363674163818 24.2363891601562 24.2363891601562 0 0 0
21 32 A I E 20.5531702041626 22.4400787353516 22.4400787353516 0 0 0
21 33 A G E 25.1925401687622 26.9838829040527 26.9838829040527 0 0 0
21 34 A L E 25.0421991348267 26.8129863739014 26.8129863739014 0 0 0
21 35 A M E 30.0705509185791 32.4667625427246 32.4667625427246 0 0 0
21 36 A V E 30.3626155853271 32.3424224853516 32.3424224853516 0 0 0
21 37 A G E 34.8908271789551 36.8388519287109 36.8388519287109 0 0 0
21 38 A G E 37.4795608520508 39.0678253173828 39.0678253173828 0 0 0
21 39 A V E 40.1671848297119 42.5563926696777 42.5563926696777 0 0 0
21 40 A V E 36.9707927703857 38.842342376709 38.842342376709 0 0 0
21 41 A I E 41.8784465789795 44.2795143127441 44.2795143127441 0 0 0
21 42 A A E 41.1680088043213 43.7419624328613 43.7419624328613 0 0 0
22 1 E D E 42.5262775421143 44.4113578796387 44.4113578796387 0 0 0
22 2 E A E 39.3711490631104 41.2667083740234 41.2667083740234 0 0 0
22 3 E E E 37.2309246063232 39.5133895874023 39.5133895874023 0 0 0
22 4 E F E 29.8192825317383 31.0245475769043 34.9748344421387 0 0 0
22 5 E R E 36.2007713317871 38.3885726928711 38.3885726928711 0 0 0
22 6 E H E 31.3904848098755 33.0039291381836 33.616641998291 0 0 0
22 7 E D E 36.638147354126 38.8621520996094 38.8621520996094 0 0 0
22 8 E S E 33.3669662475586 34.9503974914551 35.3013648986816 0 0 0
22 9 E G E 34.0349655151367 35.0459022521973 35.0459022521973 0 0 0
22 10 E Y E 36.765022277832 38.974681854248 38.974681854248 0 0 0
22 11 E E E 35.709789276123 38.0862693786621 38.0862693786621 0 0 0
22 12 E V E 30.6832733154297 32.4800910949707 32.4800910949707 0 0 0
22 13 E H E 29.9156713485718 31.8018474578857 32.5150260925293 0 0 0
22 14 E H E 25.3244943618774 27.0340156555176 27.4215393066406 0 0 0
22 15 E Q E 23.0891981124878 24.9520606994629 25.1891460418701 0 0 0
22 16 E K E 19.0472822189331 20.3400402069092 20.6444835662842 0 0 0
22 17 E L E 16.4061050415039 18.2859630584717 18.569694519043 0 0 0
22 18 E V E 12.835823059082 14.5962152481079 14.6159219741821 0 0 0
22 19 E F E 9.69010877609253 11.4729890823364 11.7585153579712 0 0 0
22 20 E F E 6.32302713394165 8.16064071655273 8.16064071655273 0 0 0
22 21 E A E 3.24719995260239 5.17448902130127 5.17448902130127 0 0 0
22 22 E E E 0 0 0 0 0 0
22 23 E D E 3.01152920722961 4.68108224868774 4.71556329727173 0 0 0
22 24 E V E 5.36204528808594 7.4135217666626 7.4135217666626 0 0 0
22 25 E G E 7.95155239105225 9.8100528717041 9.8100528717041 0 0 0
22 26 E S E 6.50541353225708 7.33234691619873 7.97945594787598 0 0 0
22 27 E N E 11.2153296470642 13.2535820007324 13.2535820007324 0 0 0
22 28 E K E 7.43429327011108 7.4370756149292 11.2706842422485 0 0 0
22 29 E G E 14.7197995185852 15.8029308319092 15.8029308319092 0 0 0
22 30 E A E 15.3202996253967 16.115701675415 16.115701675415 0 0 0
22 31 E I E 19.6930227279663 21.6394214630127 21.6394214630127 0 0 0
22 32 E I E 18.8544464111328 20.5224895477295 20.5224895477295 0 0 0
22 33 E G E 23.5356111526489 25.1182155609131 25.1182155609131 0 0 0
22 34 E L E 24.0662565231323 25.4413204193115 25.4413204193115 0 0 0
22 35 E M E 28.8965349197388 31.0003929138184 31.0003929138184 0 0 0
22 36 E V E 29.7589921951294 31.5006885528564 31.5006885528564 0 0 0
22 37 E G E 34.1553802490234 35.8785743713379 35.8785743713379 0 0 0
22 38 E G E 36.4797477722168 37.6728553771973 37.6728553771973 0 0 0
22 39 E V E 38.9368267059326 40.9560241699219 40.9560241699219 0 0 0
22 40 E V E 35.4424076080322 36.9960327148438 36.9960327148438 0 0 0
22 41 E I E 40.2697010040283 42.3512687683105 42.3512687683105 0 0 0
22 42 E A E 39.1901988983154 41.4709815979004 41.4709815979004 0 0 0
23 1 D D E 39.8625164031982 41.6490783691406 41.6490783691406 0 0 0
23 2 D A E 36.9901313781738 38.9881553649902 38.9881553649902 0 0 0
23 3 D E E 34.5716667175293 36.7578163146973 36.7578163146973 0 0 0
23 4 D F E 27.4247598648071 28.6378231048584 32.3965377807617 0 0 0
23 5 D R E 34.1264410018921 36.3522491455078 36.3522491455078 0 0 0
23 6 D H E 29.8340082168579 31.5624027252197 32.0283584594727 0 0 0
23 7 D D E 34.9655418395996 37.3807258605957 37.3807258605957 0 0 0
23 8 D S E 32.0717306137085 33.6678771972656 34.1920700073242 0 0 0
23 9 D G E 33.227165222168 34.4602851867676 34.4602851867676 0 0 0
23 10 D Y E 36.1939353942871 38.6184692382812 38.6184692382812 0 0 0
23 11 D E E 35.7958011627197 38.292064666748 38.292064666748 0 0 0
23 12 D V E 30.5887126922607 32.5346641540527 32.5346641540527 0 0 0
23 13 D H E 30.7712297439575 32.9548263549805 33.3138999938965 0 0 0
23 14 D H E 25.6597576141357 27.4681797027588 27.9461307525635 0 0 0
23 15 D Q E 24.4838542938232 26.6019325256348 26.6019325256348 0 0 0
23 16 D K E 18.994065284729 20.2164192199707 21.4942111968994 0 0 0
23 17 D L E 18.337869644165 20.4815807342529 20.4815807342529 0 0 0
23 18 D V E 13.9071097373962 15.7308158874512 15.7308158874512 0 0 0
23 19 D F E 12.1526689529419 14.1650619506836 14.1650619506836 0 0 0
23 20 D F E 8.22070693969727 9.42706966400146 9.42706966400146 0 0 0
23 21 D A E 5.46941757202148 7.23617076873779 7.23617076873779 0 0 0
23 22 D E E 3.01152920722961 4.68108224868774 4.71556329727173 0 0 0
23 23 D D E 0 0 0 0 0 0
23 24 D V E 3.7381557226181 6.14316034317017 6.14316034317017 0 0 0
23 25 D G E 4.87454926967621 6.40349292755127 6.40349292755127 0 0 0
23 26 D S E 3.19422578811646 3.38190698623657 4.58439445495605 0 0 0
23 27 D N E 7.68047213554382 9.00190830230713 9.1036901473999 0 0 0
23 28 D K E 4.13942325115204 4.34856271743774 7.70020627975464 0 0 0
23 29 D G E 10.55464220047 11.2583141326904 11.9706439971924 0 0 0
23 30 D A E 11.4710330963135 11.5025329589844 11.6969442367554 0 0 0
23 31 D I E 15.7779150009155 17.0201148986816 17.3341045379639 0 0 0
23 32 D I E 15.133593082428 16.281078338623 16.281078338623 0 0 0
23 33 D G E 19.8618173599243 20.8256530761719 20.8312892913818 0 0 0
23 34 D L E 20.525616645813 21.409839630127 21.409839630127 0 0 0
23 35 D M E 25.3042306900024 26.8805847167969 26.8805847167969 0 0 0
23 36 D V E 26.3591423034668 27.7071876525879 27.7071876525879 0 0 0
23 37 D G E 30.6662168502808 31.9605770111084 31.9605770111084 0 0 0
23 38 D G E 33.0610160827637 33.7777061462402 33.7777061462402 0 0 0
23 39 D V E 35.4530181884766 36.9089317321777 36.9089317321777 0 0 0
23 40 D V E 31.8033742904663 32.7267112731934 32.7733879089355 0 0 0
23 41 D I E 36.6086654663086 38.0531158447266 38.1416435241699 0 0 0
23 42 D A E 35.3585224151611 36.9959831237793 37.2130241394043 0 0 0
24 1 V D E 35.7693004608154 37.106876373291 37.106876373291 0 0 0
24 2 V A E 32.5786352157593 33.9336204528809 33.9336204528809 0 0 0
24 3 V E E 30.4996128082275 32.2532501220703 32.2532501220703 0 0 0
24 4 V F E 22.9776344299316 23.649377822876 27.6375617980957 0 0 0
24 5 V R E 29.3406190872192 31.0849361419678 31.0849361419678 0 0 0
24 6 V H E 24.6202411651611 25.8501739501953 26.4242630004883 0 0 0
24 7 V D E 29.8540544509888 31.7111892700195 31.7111892700195 0 0 0
24 8 V S E 26.7656307220459 27.8501720428467 28.2957439422607 0 0 0
24 9 V G E 27.8222484588623 28.4312400817871 28.4312400817871 0 0 0
24 10 V Y E 30.7340936660767 32.5253753662109 32.5253753662109 0 0 0
24 11 V E E 30.2960500717163 32.1509704589844 32.1509704589844 0 0 0
24 12 